Tue Aug 14 2018 20:32:57 0 0 0.785 0.006699 0 0 0 0 0 0 0 0 0 1 0 1 0 
Tue Aug 14 2018 20:32:57 0 0 0.785 0.006699 0 0 0 0 0 0 0 0 0 1 0 1 0 
Tue Aug 14 2018 20:32:57 0 0 0.785 0.006699 0 0 0 0 0 0 0 0 0 1 0 1 0 
Tue Aug 14 2018 20:32:57 0 0 0.785 0.006699 0 0 0 0 0 0 0 0 0 1 0 1 0 
Tue Aug 14 2018 20:32:57 0 0 0.785 0.006699 0 0 0 0 0 0 0 0 0 1 0 1 0 
Tue Aug 14 2018 20:32:57 0 0 0.785 0.006699 0 0 0 0 0 0 0 0 0 1 0 1 0 
Tue Aug 14 2018 20:32:57 0 0 0.785 0.006699 0 0 0 0 0 0 0 0 0 1 0 1 0 
Tue Aug 14 2018 20:32:57 0 0 0.785 0.006699 0 0 0 0 0 0 0 0 0 1 0 1 0 
Tue Aug 14 2018 20:32:57 0 0 0.785 0.006699 0 0 0 0 0 0 0 0 0 1 0 1 0 
Tue Aug 14 2018 20:33:03 0 0 0.785 0.006699 0 0 0 0 0 0 0 0 0 1 0 1 0 
Tue Aug 14 2018 20:33:14 -0.1397 -0.1228 -0.785 -0.01079 0.899 -0.0015 0 0 0 0 0 0 0 1 0 1 0 
Tue Aug 14 2018 20:33:16 -0.1578 -0.1903 -0.785 -0.02039 1.2746 -0.0099 0 0 0 0 0 0 0 1 0 1 0 
Tue Aug 14 2018 20:33:17 -0.2 -0.4902 -0.785 -0.04919 2.6846 -0.0695 0 0 0 0 0 0 0 1 0 1 0 
Tue Aug 14 2018 20:33:19 -0.2108 -0.6205 -0.785 -0.05879 3.2301 -0.1027 0 0 0 0 0 0 0 1 0 1 0 
Tue Aug 14 2018 20:33:20 -0.2286 -0.9213 -0.785 -0.07799 4.4074 -0.1916 0 0 0 0 0 0 0 1 0 1 0 
Tue Aug 14 2018 20:33:22 -0.2359 -1.0898 -0.785 -0.08758 5.0319 -0.2477 0 0 0 0 0 0 0 1 0 1 0 
Tue Aug 14 2018 20:33:23 -0.2479 -1.4584 -0.785 -0.10678 6.3375 -0.3841 0 0 0 0 0 0 0 1 0 1 0 
Tue Aug 14 2018 20:33:26 -0.2572 -1.8634 0.785 -0.12598 7.7031 -0.5534 0 0 0 0 0 0 0 1 0 1 0 
Tue Aug 14 2018 20:33:27 -0.2644 -2.299 0.785 -0.14518 9.1133 -0.7558 0 0 0 0 0 0 0 1 0 1 0 
Tue Aug 14 2018 20:33:29 -0.2673 -2.5268 0.785 -0.15478 9.8312 -0.8695 0 0 0 0 0 0 0 1 0 1 0 
Tue Aug 14 2018 20:33:30 -0.2721 -2.9995 0.785 -0.17397 11.2869 -1.1214 0 0 0 0 0 0 0 1 0 1 0 
Tue Aug 14 2018 20:33:32 -0.2741 -3.2435 0.785 -0.18357 12.0226 -1.2597 0 0 0 0 0 0 0 1 0 1 0 
Tue Aug 14 2018 20:33:33 -0.2774 -3.7453 0.785 -0.20267 13.5052 -1.5606 0 0 0 0 0 0 0 1 0 1 0 
Tue Aug 14 2018 20:33:45 -0.2858 -6.748 -0.785 -0.30826 21.7468 -3.7799 0 0 0 0 0 0 0 1 0 1 0 
Tue Aug 14 2018 20:33:47 -0.2863 -7.3284 -0.785 -0.32745 23.2375 -4.2827 0 0 0 0 0 0 0 1 0 1 0 
Tue Aug 14 2018 20:33:56 -0.2877 -10.3562 0.785 -0.42344 30.5618 -7.2345 0 0 0 0 0 0 0 1 0 1 0 
Tue Aug 14 2018 20:33:58 -0.2878 -10.6698 0.785 -0.43294 31.2794 -7.5688 0 0 0 0 0 0 0 1 0 1 0 
Tue Aug 14 2018 20:33:59 -0.2879 -11.3026 0.785 -0.45214 32.7052 -8.2583 0 0 0 0 0 0 0 1 0 1 0 
Tue Aug 14 2018 20:34:01 -0.2879 -11.6218 0.785 -0.46174 33.4133 -8.6133 0 0 0 0 0 0 0 1 0 1 0 
Tue Aug 14 2018 20:34:02 -0.288 -12.2658 0.785 -0.48093 34.8192 -9.344 0 0 0 0 0 0 0 1 0 1 0 
Tue Aug 14 2018 20:34:04 -0.288 -12.5905 0.785 -0.49053 35.5169 -9.7195 0 0 0 0 0 0 0 1 0 1 0 
Tue Aug 14 2018 20:34:14 -0.2881 -16.2824 -0.785 -0.59612 42.9387 -14.2848 0 0 0 0 0 0 0 1 0 1 0 
Tue Aug 14 2018 20:34:16 -0.288 -16.6288 -0.785 -0.60572 43.5887 -14.7383 0 0 0 0 0 0 0 1 0 1 0 
Tue Aug 14 2018 20:34:17 -0.288 -17.3271 -0.785 -0.62492 44.8754 -15.664 0 0 0 0 0 0 0 1 0 1 0 
Tue Aug 14 2018 20:34:19 -0.288 -17.6789 -0.785 -0.63452 45.5119 -16.136 0 0 0 0 0 0 0 1 0 1 0 
Tue Aug 14 2018 20:34:21 -0.288 -18.3879 -0.785 -0.65371 46.7713 -17.0984 0 0 0 0 0 0 0 1 0 1 0 
Tue Aug 14 2018 20:34:23 -0.2461 -18.8976 -0.785 -0.67291 47.442 -17.6276 0 0 0 0 0 0 0 1 0 1 0 
Tue Aug 14 2018 20:34:25 -0.1717 -18.9284 -0.785 -0.68241 47.0676 -17.3237 0 0 0 0 0 0 0 1 0 1 0 
Tue Aug 14 2018 20:34:30 0.2067 -19.4781 0.785 -0.7363 46.9533 -17.2725 0 0 0 0 0 0 0 1 0 1 0 
Tue Aug 14 2018 20:34:31 0.2352 -19.4767 0.785 -0.7258 47.3509 -17.6357 0 0 0 0 0 0 0 1 0 1 0 
Tue Aug 14 2018 20:34:33 0.2566 -19.3903 0.785 -0.70501 48.3214 -18.4938 0 0 0 0 0 0 0 1 0 1 0 
Tue Aug 14 2018 20:34:38 0.2489 -19.0887 0.785 -0.66351 50.5301 -20.3265 0 0 0 0 0 0 0 1 0 1 0 
Tue Aug 14 2018 20:34:50 0.2007 -18.8377 -0.785 -0.64791 56.4444 -24.6831 0 0 0 0 0 0 0 1 0 1 0 
Tue Aug 14 2018 20:34:52 0.2098 -18.7714 -0.785 -0.66541 57.3251 -25.3746 0 0 0 0 0 0 0 1 0 1 0 
Tue Aug 14 2018 20:34:53 0.2136 -18.7282 -0.785 -0.67401 57.7755 -25.7377 0 0 0 0 0 0 0 1 0 1 0 
Tue Aug 14 2018 20:34:55 0.2199 -18.6239 -0.785 -0.69111 58.6904 -26.495 0 0 0 0 0 0 0 1 0 1 0 
Tue Aug 14 2018 20:35:00 0.2268 -18.2028 0.785 -0.7489 61.4667 -28.9746 0 0 0 0 0 0 0 1 0 1 0 
Tue Aug 14 2018 20:35:02 0.2262 -18.1241 0.785 -0.7581 61.9205 -29.4079 0 0 0 0 0 0 0 1 0 1 0 
Tue Aug 14 2018 20:35:03 0.2254 -17.963 0.785 -0.7768 62.813 -30.2843 0 0 0 0 0 0 0 1 0 1 0 
Tue Aug 14 2018 20:35:05 0.225 -17.8806 0.785 -0.7862 63.2518 -30.7276 0 0 0 0 0 0 0 1 0 1 0 
Tue Aug 14 2018 20:35:06 0.2244 -17.7114 0.785 -0.7852 64.1193 -31.62 0 0 0 0 0 0 0 1 0 1 0 
Tue Aug 14 2018 20:35:08 0.2242 -17.6247 0.785 -0.7748 64.5569 -32.0607 0 0 0 0 0 0 0 1 0 1 0 
Tue Aug 14 2018 20:35:19 0.2369 -16.3435 -0.785 -0.728 70.2437 -37.1869 0 0 0 0 0 0 0 1 0 1 0 
Tue Aug 14 2018 20:35:21 0.2374 -16.2177 -0.785 -0.7372 70.7264 -37.6287 0 0 0 0 0 0 0 1 0 1 0 
Tue Aug 14 2018 20:35:22 0.2382 -15.9592 -0.785 -0.7556 71.6823 -38.5283 0 0 0 0 0 0 0 1 0 1 0 
Tue Aug 14 2018 20:35:24 0.2385 -15.8265 -0.785 -0.7648 72.1552 -38.9858 0 0 0 0 0 0 0 1 0 1 0 
Tue Aug 14 2018 20:35:26 0.239 -15.5546 -0.785 -0.7831 73.09 -39.9155 0 0 0 0 0 0 0 1 0 1 0 
Tue Aug 14 2018 20:35:27 0.2392 -15.4154 -0.785 -0.7923 73.5517 -40.3875 0 0 0 0 0 0 0 1 0 1 0 
Tue Aug 14 2018 20:35:29 0.2395 -15.1309 -0.785 -0.81069 74.4631 -41.3454 0 0 0 0 0 0 0 1 0 1 0 
Tue Aug 14 2018 20:35:49 0.2405 -11.6849 -0.785 -1.00337 82.9374 -52.3843 0 0 0 0 0 0 0 1 0 1 0 
Tue Aug 14 2018 20:35:51 0.2405 -11.5007 -0.785 -1.01257 83.2867 -52.9495 0 0 0 0 0 0 0 1 0 1 0 
Tue Aug 14 2018 20:35:52 0.2405 -11.1269 -0.785 -1.03097 83.9697 -54.0894 0 0 0 0 0 0 0 1 0 1 0 
Tue Aug 14 2018 20:35:54 0.2405 -10.9373 -0.785 -1.04006 84.3032 -54.664 0 0 0 0 0 0 0 1 0 1 0 
Tue Aug 14 2018 20:35:55 0.2405 -10.5528 -0.785 -1.05846 84.9545 -55.8223 0 0 0 0 0 0 0 1 0 1 0 
Tue Aug 14 2018 20:35:57 0.2404 -10.3578 -0.785 -1.06766 85.2721 -56.4059 0 0 0 0 0 0 0 1 0 1 0 
Tue Aug 14 2018 20:35:58 0.2404 -9.9625 -0.785 -1.08596 85.891 -57.5816 0 0 0 0 0 0 0 1 0 1 0 
Tue Aug 14 2018 20:36:01 0.2404 -9.56 0.785 -1.10436 86.4883 -58.7684 0 0 0 0 0 0 0 1 0 1 0 
Tue Aug 14 2018 20:36:03 0.2404 -9.1504 0.785 -1.12275 87.0635 -59.966 0 0 0 0 0 0 0 1 0 1 0 
Tue Aug 14 2018 20:36:04 0.2404 -8.9429 0.785 -1.13185 87.3428 -60.5686 0 0 0 0 0 0 0 1 0 1 0 
Tue Aug 14 2018 20:36:06 0.2404 -8.5225 0.785 -1.15025 87.8847 -61.7815 0 0 0 0 0 0 0 1 0 1 0 
Tue Aug 14 2018 20:36:20 0.2402 -5.1421 -0.785 -1.28793 91.2226 -71.1568 0 0 0 0 0 0 0 1 0 1 0 
Tue Aug 14 2018 20:36:22 0.2402 -4.9025 -0.785 -1.29713 91.3986 -71.7968 0 0 0 0 0 0 0 1 0 1 0 
Tue Aug 14 2018 20:36:23 0.2402 -4.4178 -0.785 -1.31543 91.733 -73.0814 0 0 0 0 0 0 0 1 0 1 0 
Tue Aug 14 2018 20:36:25 0.2402 -4.1728 -0.785 -1.32463 91.8913 -73.7259 0 0 0 0 0 0 0 1 0 1 0 
Tue Aug 14 2018 20:36:26 0.2402 -3.6775 -0.785 -1.34303 92.19 -75.019 0 0 0 0 0 0 0 1 0 1 0 
Tue Aug 14 2018 20:36:28 0.2401 -3.4271 -0.785 -1.35213 92.3305 -75.6676 0 0 0 0 0 0 0 1 0 1 0 
Tue Aug 14 2018 20:36:30 0.2401 -2.6654 0.785 -1.37972 92.7159 -77.6204 0 0 0 0 0 0 0 1 0 1 0 
Tue Aug 14 2018 20:36:32 0.2401 -2.4079 0.785 -1.38892 92.8324 -78.2736 0 0 0 0 0 0 0 1 0 1 0 
Tue Aug 14 2018 20:36:33 0.2401 -1.8875 0.785 -1.40722 93.0472 -79.5828 0 0 0 0 0 0 0 1 0 1 0 
Tue Aug 14 2018 20:36:35 0.2401 -1.6247 0.785 -1.41642 93.1456 -80.2389 0 0 0 0 0 0 0 1 0 1 0 
Tue Aug 14 2018 20:36:36 0.24 -1.0936 0.785 -1.43482 93.3243 -81.5534 0 0 0 0 0 0 0 1 0 1 0 
Tue Aug 14 2018 20:36:38 0.24 -0.8254 0.785 -1.44391 93.4045 -82.2118 0 0 0 0 0 0 0 1 0 1 0 
Tue Aug 14 2018 20:36:57 -0.1075 0 -0.785 -1.60209 93.7108 -85.6392 0 0 0 0 0 0 0 1 0 1 0 
Tue Aug 14 2018 20:36:59 -0.1127 0 -0.785 -1.61249 93.696 -85.9278 0 0 0 0 0 0 0 1 0 1 0 
Tue Aug 14 2018 20:37:00 -0.1231 0 -0.785 -1.63249 93.6543 -86.56 0 0 0 0 0 0 0 1 0 1 0 
Tue Aug 14 2018 20:37:04 -0.1349 0 -0.785 -1.66929 93.5175 -88.0068 0 0 0 0 0 0 0 1 0 1 0 
Tue Aug 14 2018 20:37:07 -0.124 0 0.785 -1.69118 93.3836 -89.0958 0 0 0 0 0 0 0 1 0 1 0 
Tue Aug 14 2018 20:37:11 -0.115 0 0.785 -1.71718 93.1864 -90.4241 0 0 0 0 0 0 0 1 0 1 0 
Tue Aug 14 2018 20:37:27 -0.1733 0 -0.785 -1.70678 92.3854 -96.9936 0 0 0 0 0 0 0 1 0 1 0 
Tue Aug 14 2018 20:37:29 -0.1753 0 -0.785 -1.71368 92.3133 -97.4678 0 0 0 0 0 0 0 1 0 1 0 
Tue Aug 14 2018 20:37:30 -0.1789 0 -0.785 -1.72688 92.1568 -98.4311 0 0 0 0 0 0 0 1 0 1 0 
Tue Aug 14 2018 20:37:32 -0.1806 0 -0.785 -1.73308 92.0727 -98.9195 0 0 0 0 0 0 0 1 0 1 0 
Tue Aug 14 2018 20:37:33 -0.1844 0 -0.785 -1.75398 91.8886 -99.908 0 0 0 0 0 0 0 1 0 1 0 
Tue Aug 14 2018 20:37:35 -0.1864 0 -0.785 -1.76337 91.7876 -100.409 0 0 0 0 0 0 0 1 0 1 0 
Tue Aug 14 2018 20:37:36 -0.1902 0 -0.785 -1.78167 91.5683 -101.422 0 0 0 0 0 0 0 1 0 1 0 
Tue Aug 14 2018 20:37:39 -0.1941 0 0.785 -1.79837 91.3263 -102.452 0 0 0 0 0 0 0 1 0 1 0 
Tue Aug 14 2018 20:37:40 -0.1976 0 0.785 -1.81387 91.063 -103.499 0 0 0 0 0 0 0 1 0 1 0 
Tue Aug 14 2018 20:37:42 -0.199 0 0.785 -1.82157 90.9236 -104.028 0 0 0 0 0 0 0 1 0 1 0 
Tue Aug 14 2018 20:37:44 -0.2016 0 0.785 -1.83537 90.6302 -105.093 0 0 0 0 0 0 0 1 0 1 0 
Tue Aug 14 2018 20:37:45 -0.2029 0 0.785 -1.82487 90.4813 -105.631 0 0 0 0 0 0 0 1 0 1 0 
Tue Aug 14 2018 20:37:47 -0.2057 0 0.785 -1.80407 90.1975 -106.722 0 0 0 0 0 0 0 1 0 1 0 
Tue Aug 14 2018 20:38:01 -0.2284 -0.0821 -0.785 -1.65809 88.7958 -114.913 0 0 0 0 0 0 0 1 0 1 0 
Tue Aug 14 2018 20:38:03 -0.2325 -0.3971 -0.785 -1.63719 88.6861 -116.175 0 0 0 0 0 0 0 1 0 1 0 
Tue Aug 14 2018 20:38:04 -0.2366 -0.7295 -0.785 -1.61629 88.6013 -117.461 0 0 0 0 0 0 0 1 0 1 0 
Tue Aug 14 2018 20:38:06 -0.2388 -0.9025 -0.785 -1.60589 88.5686 -118.113 0 0 0 0 0 0 0 1 0 1 0 
Tue Aug 14 2018 20:38:07 -0.2426 -1.2616 -0.785 -1.5851 88.5232 -119.435 0 0 0 0 0 0 0 1 0 1 0 
Tue Aug 14 2018 20:38:10 -0.2455 -1.6368 0.785 -1.5642 88.5052 -120.778 0 0 0 0 0 0 0 1 0 1 0 
Tue Aug 14 2018 20:38:11 -0.2477 -2.0262 0.785 -1.5433 88.5155 -122.135 0 0 0 0 0 0 0 1 0 1 0 
Tue Aug 14 2018 20:38:13 -0.2486 -2.2258 0.785 -1.5329 88.5314 -122.818 0 0 0 0 0 0 0 1 0 1 0 
Tue Aug 14 2018 20:38:15 -0.2501 -2.6338 0.785 -1.51211 88.5849 -124.191 0 0 0 0 0 0 0 1 0 1 0 
Tue Aug 14 2018 20:38:16 -0.2507 -2.8419 0.785 -1.50161 88.6226 -124.88 0 0 0 0 0 0 0 1 0 1 0 
Tue Aug 14 2018 20:38:18 -0.2518 -3.266 0.785 -1.48081 88.72 -126.262 0 0 0 0 0 0 0 1 0 1 0 
Tue Aug 14 2018 20:38:30 -0.2545 -6.2386 -0.785 -1.34523 90.0681 -135.245 0 0 0 0 0 0 0 1 0 1 0 
Tue Aug 14 2018 20:38:32 -0.2545 -6.4813 -0.785 -1.33483 90.2228 -135.93 0 0 0 0 0 0 0 1 0 1 0 
Tue Aug 14 2018 20:38:33 -0.2547 -6.9724 -0.785 -1.31393 90.5537 -137.295 0 0 0 0 0 0 0 1 0 1 0 
Tue Aug 14 2018 20:38:35 -0.2547 -7.2207 -0.785 -1.30353 90.7299 -137.975 0 0 0 0 0 0 0 1 0 1 0 
Tue Aug 14 2018 20:38:36 -0.2548 -7.7229 -0.785 -1.28263 91.1038 -139.331 0 0 0 0 0 0 0 1 0 1 0 
Tue Aug 14 2018 20:38:38 -0.2548 -7.9768 -0.785 -1.27224 91.3013 -140.005 0 0 0 0 0 0 0 1 0 1 0 
Tue Aug 14 2018 20:38:39 -0.2548 -8.49 0.785 -1.25134 91.7176 -141.349 0 0 0 0 0 0 0 1 0 1 0 
Tue Aug 14 2018 20:38:41 -0.2548 -8.7494 0.785 -1.24094 91.9363 -142.017 0 0 0 0 0 0 0 1 0 1 0 
Tue Aug 14 2018 20:38:42 -0.2549 -9.2736 0.785 -1.22004 92.3946 -143.347 0 0 0 0 0 0 0 1 0 1 0 
Tue Aug 14 2018 20:38:44 -0.2549 -9.5383 0.785 -1.20964 92.6342 -144.008 0 0 0 0 0 0 0 1 0 1 0 
Tue Aug 14 2018 20:38:45 -0.2549 -10.0734 0.785 -1.18875 93.1341 -145.323 0 0 0 0 0 0 0 1 0 1 0 
Tue Aug 14 2018 20:38:47 -0.2549 -10.3436 0.785 -1.17835 93.3943 -145.976 0 0 0 0 0 0 0 1 0 1 0 
Tue Aug 14 2018 20:38:59 -0.2548 -13.726 -0.785 -1.05326 97.0399 -153.582 0 0 0 0 0 0 0 1 0 1 0 
Tue Aug 14 2018 20:39:03 -0.2548 -15.2114 -0.785 -1.00107 98.8348 -156.604 0 0 0 0 0 0 0 1 0 1 0 
Tue Aug 14 2018 20:39:05 -0.2547 -15.5139 -0.785 -0.99067 99.2126 -157.197 0 0 0 0 0 0 0 1 0 1 0 
Tue Aug 14 2018 20:39:06 -0.2547 -16.1241 -0.785 -0.96977 99.9866 -158.371 0 0 0 0 0 0 0 1 0 1 0 
Tue Aug 14 2018 20:39:08 -0.2547 -16.4319 -0.785 -0.95937 100.383 -158.952 0 0 0 0 0 0 0 1 0 1 0 
Tue Aug 14 2018 20:39:09 -0.2547 -17.0528 0.785 -0.93848 101.193 -160.101 0 0 0 0 0 0 0 1 0 1 0 
Tue Aug 14 2018 20:39:11 -0.2547 -17.366 0.785 -0.92808 101.607 -160.669 0 0 0 0 0 0 0 1 0 1 0 
Tue Aug 14 2018 20:39:12 -0.2547 -17.9976 0.785 -0.90728 102.453 -161.791 0 0 0 0 0 0 0 1 0 1 0 
Tue Aug 14 2018 20:39:14 -0.2547 -18.3162 0.785 -0.89678 102.885 -162.346 0 0 0 0 0 0 0 1 0 1 0 
Tue Aug 14 2018 20:39:15 -0.2236 -18.473 0.785 -0.88638 102.917 -162.389 0 0 0 0 0 0 0 1 0 1 0 
Tue Aug 14 2018 20:39:17 -0.1685 -18.5267 0.785 -0.87599 102.637 -162.045 0 0 0 0 0 0 0 1 0 1 0 
Tue Aug 14 2018 20:39:19 -0.0585 -18.7094 0.785 -0.85559 102.137 -161.449 0 0 0 0 0 0 0 1 0 1 0 
Tue Aug 14 2018 20:39:36 0.136 -20.0493 -0.785 -0.90608 106.093 -165.961 0 0 0 0 0 0 0 1 0 1 0 
Tue Aug 14 2018 20:39:38 0.1372 -20.0978 -0.785 -0.91648 106.323 -166.263 0 0 0 0 0 0 0 1 0 1 0 
Tue Aug 14 2018 20:39:39 0.1425 -20.1858 -0.785 -0.93528 106.781 -166.882 0 0 0 0 0 0 0 1 0 1 0 
Tue Aug 14 2018 20:39:41 0.1463 -20.2239 -0.785 -0.94428 107.011 -167.203 0 0 0 0 0 0 0 1 0 1 0 
Tue Aug 14 2018 20:39:42 0.155 -20.2846 0.785 -0.96177 107.483 -167.877 0 0 0 0 0 0 0 1 0 1 0 
Tue Aug 14 2018 20:39:44 0.1587 -20.3072 0.785 -0.97027 107.723 -168.231 0 0 0 0 0 0 0 1 0 1 0 
Tue Aug 14 2018 20:39:45 0.1649 -20.3379 0.785 -0.98617 108.213 -168.971 0 0 0 0 0 0 0 1 0 1 0 
Tue Aug 14 2018 20:39:47 0.1674 -20.3466 0.785 -0.99407 108.46 -169.354 0 0 0 0 0 0 0 1 0 1 0 
Tue Aug 14 2018 20:39:48 0.1715 -20.352 0.785 -0.99157 108.96 -170.141 0 0 0 0 0 0 0 1 0 1 0 
Tue Aug 14 2018 20:39:50 0.1732 -20.3493 0.785 -0.98117 109.219 -170.539 0 0 0 0 0 0 0 1 0 1 0 
Tue Aug 14 2018 20:40:02 0.1958 -20.0243 -0.785 -0.97117 112.754 -175.537 0 0 0 0 0 0 0 1 0 1 0 
Tue Aug 14 2018 20:40:06 0.2005 -19.7448 -0.785 -1.01457 114.232 -177.838 0 0 0 0 0 0 0 1 0 1 0 
Tue Aug 14 2018 20:40:08 0.2029 -19.6797 -0.785 -1.02497 114.519 -178.314 0 0 0 0 0 0 0 1 0 1 0 
Tue Aug 14 2018 20:40:09 0.2073 -19.5371 -0.785 -1.04536 115.088 -179.289 0 0 0 0 0 0 0 1 0 1 0 
Tue Aug 14 2018 20:40:11 0.2091 -19.4596 -0.785 -1.05436 115.369 -179.788 0 0 0 0 0 0 0 1 0 1 0 
Tue Aug 14 2018 20:40:12 0.2121 -19.2934 0.785 -1.07206 115.925 -180.807 0 0 0 0 0 0 0 1 0 1 0 
Tue Aug 14 2018 20:40:14 0.2134 -19.2051 0.785 -1.08086 116.199 -181.325 0 0 0 0 0 0 0 1 0 1 0 
Tue Aug 14 2018 20:40:15 0.2154 -19.019 0.785 -1.09676 116.74 -182.378 0 0 0 0 0 0 0 1 0 1 0 
Tue Aug 14 2018 20:40:17 0.2163 -18.9216 0.785 -1.08626 117.01 -182.908 0 0 0 0 0 0 0 1 0 1 0 
Tue Aug 14 2018 20:40:18 0.2185 -18.7182 0.785 -1.06546 117.571 -183.967 0 0 0 0 0 0 0 1 0 1 0 
Tue Aug 14 2018 20:40:20 0.2209 -18.6111 0.785 -1.05496 117.863 -184.498 0 0 0 0 0 0 0 1 0 1 0 
Tue Aug 14 2018 20:40:32 0.2365 -17.025 -0.785 -1.04526 121.792 -191.027 0 0 0 0 0 0 0 1 0 1 0 
Tue Aug 14 2018 20:40:42 0.2396 -15.2313 0.785 -1.14915 125.06 -197.485 0 0 0 0 0 0 0 1 0 1 0 
Tue Aug 14 2018 20:40:44 0.2397 -15.0558 0.785 -1.15915 125.323 -198.092 0 0 0 0 0 0 0 1 0 1 0 
Tue Aug 14 2018 20:40:46 0.24 -14.5176 0.785 -1.18925 126.076 -199.932 0 0 0 0 0 0 0 1 0 1 0 
Tue Aug 14 2018 20:40:48 0.24 -14.3344 0.785 -1.19924 126.315 -200.55 0 0 0 0 0 0 0 1 0 1 0 
Tue Aug 14 2018 20:40:49 0.2401 -13.9624 0.785 -1.21924 126.774 -201.794 0 0 0 0 0 0 0 1 0 1 0 
Tue Aug 14 2018 20:40:51 0.2402 -13.7737 0.785 -1.22924 126.995 -202.42 0 0 0 0 0 0 0 1 0 1 0 
Tue Aug 14 2018 20:41:01 0.2403 -11.5763 -0.785 -1.33943 129 -209.438 0 0 0 0 0 0 0 1 0 1 0 
Tue Aug 14 2018 20:41:03 0.2403 -11.3657 -0.785 -1.34943 129.143 -210.086 0 0 0 0 0 0 0 1 0 1 0 
Tue Aug 14 2018 20:41:05 0.2403 -10.9391 -0.785 -1.36942 129.411 -211.387 0 0 0 0 0 0 0 1 0 1 0 
Tue Aug 14 2018 20:41:06 0.2403 -10.7231 -0.785 -1.37942 129.535 -212.039 0 0 0 0 0 0 0 1 0 1 0 
Tue Aug 14 2018 20:41:08 0.2403 -10.2857 -0.785 -1.39942 129.764 -213.347 0 0 0 0 0 0 0 1 0 1 0 
Tue Aug 14 2018 20:41:31 0.2401 -4.4789 -0.785 -1.63979 130.438 -229.223 0 0 0 0 0 0 0 1 0 1 0 
Tue Aug 14 2018 20:41:33 0.2401 -4.2146 -0.785 -1.64979 130.383 -229.884 0 0 0 0 0 0 0 1 0 1 0 
Tue Aug 14 2018 20:41:34 0.24 -3.6807 -0.785 -1.66979 130.253 -231.204 0 0 0 0 0 0 0 1 0 1 0 
Tue Aug 14 2018 20:41:36 0.24 -3.411 -0.785 -1.67978 130.178 -231.863 0 0 0 0 0 0 0 1 0 1 0 
Tue Aug 14 2018 20:41:37 0.24 -2.8664 -0.785 -1.69978 130.009 -233.178 0 0 0 0 0 0 0 1 0 1 0 
Tue Aug 14 2018 20:41:39 0.24 -2.5914 -0.785 -1.70988 129.914 -233.835 0 0 0 0 0 0 0 1 0 1 0 
Tue Aug 14 2018 20:41:40 0.24 -2.0361 -0.785 -1.72988 129.705 -235.145 0 0 0 0 0 0 0 1 0 1 0 
Tue Aug 14 2018 20:41:43 0.24 -1.4736 0.785 -1.74988 129.47 -236.449 0 0 0 0 0 0 0 1 0 1 0 
Tue Aug 14 2018 20:41:44 0.2399 -0.904 0.785 -1.76987 129.209 -237.749 0 0 0 0 0 0 0 1 0 1 0 
Tue Aug 14 2018 20:41:46 0.2399 -0.6165 0.785 -1.77997 129.068 -238.397 0 0 0 0 0 0 0 1 0 1 0 
Tue Aug 14 2018 20:41:48 0.2399 -0.0362 0.785 -1.79997 128.768 -239.689 0 0 0 0 0 0 0 1 0 1 0 
Tue Aug 14 2018 20:41:49 0.2399 0 0.785 -1.80997 128.608 -240.332 0 0 0 0 0 0 0 1 0 1 0 
Tue Aug 14 2018 20:41:51 0.2399 0 0.785 -1.82997 128.269 -241.614 0 0 0 0 0 0 0 1 0 1 0 
Tue Aug 14 2018 20:42:03 -0.0768 0 -0.785 -1.85396 128.055 -242.166 0 0 0 0 0 0 0 1 0 1 0 
Tue Aug 14 2018 20:42:05 -0.0861 0 -0.785 -1.86086 127.995 -242.357 0 0 0 0 0 0 0 1 0 1 0 
Tue Aug 14 2018 20:42:06 -0.0938 0 -0.785 -1.87296 127.849 -242.814 0 0 0 0 0 0 0 1 0 1 0 
Tue Aug 14 2018 20:42:08 -0.0956 0 -0.785 -1.88336 127.767 -243.059 0 0 0 0 0 0 0 1 0 1 0 
Tue Aug 14 2018 20:42:12 -0.104 0 -0.785 -1.94225 127.19 -244.609 0 0 0 0 0 0 0 1 0 1 0 
Tue Aug 14 2018 20:42:15 -0.1089 0 0.785 -1.95845 126.967 -245.15 0 0 0 0 0 0 0 1 0 1 0 
Tue Aug 14 2018 20:42:16 -0.115 0 0.785 -1.97245 126.724 -245.712 0 0 0 0 0 0 0 1 0 1 0 
Tue Aug 14 2018 20:42:18 -0.1185 0 0.785 -1.97895 126.595 -246.003 0 0 0 0 0 0 0 1 0 1 0 
Tue Aug 14 2018 20:42:19 -0.1245 0 0.785 -1.99185 126.32 -246.608 0 0 0 0 0 0 0 1 0 1 0 
Tue Aug 14 2018 20:42:21 -0.1274 0 0.785 -1.98145 126.177 -246.922 0 0 0 0 0 0 0 1 0 1 0 
Tue Aug 14 2018 20:42:22 -0.1338 0 0.785 -1.96055 125.891 -247.577 0 0 0 0 0 0 0 1 0 1 0 
Tue Aug 14 2018 20:42:34 -0.1676 0 -0.785 -1.96015 124.221 -251.821 0 0 0 0 0 0 0 1 0 1 0 
Tue Aug 14 2018 20:42:36 -0.1732 0 -0.785 -1.97315 123.851 -252.681 0 0 0 0 0 0 0 1 0 1 0 
Tue Aug 14 2018 20:42:37 -0.1758 0 -0.785 -1.97955 123.657 -253.119 0 0 0 0 0 0 0 1 0 1 0 
Tue Aug 14 2018 20:42:39 -0.1801 0 -0.785 -1.99255 123.253 -254.011 0 0 0 0 0 0 0 1 0 1 0 
Tue Aug 14 2018 20:42:52 -0.2058 0 0.785 -2.01694 119.845 -260.635 0 0 0 0 0 0 0 1 0 1 0 
Tue Aug 14 2018 20:42:54 -0.2069 0 0.785 -2.00654 119.597 -261.147 0 0 0 0 0 0 0 1 0 1 0 
Tue Aug 14 2018 20:43:05 -0.2189 0 -0.785 -1.99245 116.78 -267.613 0 0 0 0 0 0 0 1 0 1 0 
Tue Aug 14 2018 20:43:07 -0.2199 0 -0.785 -1.99914 116.525 -268.162 0 0 0 0 0 0 0 1 0 1 0 
Tue Aug 14 2018 20:43:09 -0.2221 0 -0.785 -2.01164 116.002 -269.263 0 0 0 0 0 0 0 1 0 1 0 
Tue Aug 14 2018 20:43:10 -0.2232 0 -0.785 -2.01744 115.733 -269.815 0 0 0 0 0 0 0 1 0 1 0 
Tue Aug 14 2018 20:43:12 -0.2254 0 -0.785 -2.03834 115.176 -270.92 0 0 0 0 0 0 0 1 0 1 0 
Tue Aug 14 2018 20:43:17 -0.2296 0 0.785 -2.08673 113.666 -273.67 0 0 0 0 0 0 0 1 0 1 0 
Tue Aug 14 2018 20:43:19 -0.2314 0 0.785 -2.10323 113.018 -274.765 0 0 0 0 0 0 0 1 0 1 0 
Tue Aug 14 2018 20:43:22 -0.2347 0 0.785 -2.11513 111.664 -276.951 0 0 0 0 0 0 0 1 0 1 0 
Tue Aug 14 2018 20:43:24 -0.2352 0 0.785 -2.10463 111.326 -277.504 0 0 0 0 0 0 0 1 0 1 0 
Tue Aug 14 2018 20:43:35 -0.2407 -2.1872 -0.785 -1.97955 107.679 -284.504 0 0 0 0 0 0 0 1 0 1 0 
Tue Aug 14 2018 20:43:37 -0.2409 -2.3847 -0.785 -1.96915 107.412 -285.114 0 0 0 0 0 0 0 1 0 1 0 
Tue Aug 14 2018 20:43:38 -0.2412 -2.7858 -0.785 -1.94825 106.897 -286.341 0 0 0 0 0 0 0 1 0 1 0 
Tue Aug 14 2018 20:43:40 -0.2413 -2.9893 -0.785 -1.93785 106.649 -286.96 0 0 0 0 0 0 0 1 0 1 0 
Tue Aug 14 2018 20:43:42 -0.2415 -3.4022 -0.785 -1.91696 106.173 -288.206 0 0 0 0 0 0 0 1 0 1 0 
Tue Aug 14 2018 20:43:43 -0.2416 -3.6115 -0.785 -1.90656 105.944 -288.832 0 0 0 0 0 0 0 1 0 1 0 
Tue Aug 14 2018 20:43:45 -0.2417 -4.0358 -0.785 -1.88566 105.506 -290.094 0 0 0 0 0 0 0 1 0 1 0 
Tue Aug 14 2018 20:43:48 -0.2419 -4.6863 0.785 -1.85436 104.899 -292.003 0 0 0 0 0 0 0 1 0 1 0 
Tue Aug 14 2018 20:43:50 -0.2419 -5.1293 0.785 -1.83357 104.527 -293.287 0 0 0 0 0 0 0 1 0 1 0 
Tue Aug 14 2018 20:44:08 -0.2419 -9.6984 -0.785 -1.63539 102.357 -305.78 0 0 0 0 0 0 0 1 0 1 0 
Tue Aug 14 2018 20:44:10 -0.2419 -9.9568 -0.785 -1.62499 102.312 -306.447 0 0 0 0 0 0 0 1 0 1 0 
Tue Aug 14 2018 20:44:11 -0.2419 -10.479 -0.785 -1.60409 102.243 -307.782 0 0 0 0 0 0 0 1 0 1 0 
Tue Aug 14 2018 20:44:13 -0.2419 -10.7428 -0.785 -1.5937 102.219 -308.45 0 0 0 0 0 0 0 1 0 1 0 
Tue Aug 14 2018 20:44:14 -0.2419 -11.2758 -0.785 -1.5729 102.192 -309.786 0 0 0 0 0 0 0 1 0 1 0 
Tue Aug 14 2018 20:44:17 -0.2419 -11.8159 0.785 -1.552 102.193 -311.123 0 0 0 0 0 0 0 1 0 1 0 
Tue Aug 14 2018 20:44:18 -0.2419 -12.3631 0.785 -1.5311 102.221 -312.459 0 0 0 0 0 0 0 1 0 1 0 
Tue Aug 14 2018 20:44:20 -0.2418 -12.6394 0.785 -1.5207 102.246 -313.127 0 0 0 0 0 0 0 1 0 1 0 
Tue Aug 14 2018 20:44:22 -0.2418 -13.1974 0.785 -1.49981 102.317 -314.461 0 0 0 0 0 0 0 1 0 1 0 
Tue Aug 14 2018 20:44:23 -0.2418 -13.4791 0.785 -1.48941 102.363 -315.128 0 0 0 0 0 0 0 1 0 1 0 
Tue Aug 14 2018 20:44:25 -0.2418 -14.0477 0.785 -1.46861 102.475 -316.459 0 0 0 0 0 0 0 1 0 1 0 
Tue Aug 14 2018 20:44:36 -0.2417 -17.3032 -0.785 -1.35383 103.589 -323.717 0 0 0 0 0 0 0 1 0 1 0 
Tue Aug 14 2018 20:44:38 -0.2417 -17.9182 -0.785 -1.33303 103.88 -325.02 0 0 0 0 0 0 0 1 0 1 0 
Tue Aug 14 2018 20:44:46 0.013 -19.2558 -0.785 -1.37472 103.878 -324.884 0 0 0 0 0 0 0 1 0 1 0 
Tue Aug 14 2018 20:44:53 0.1205 -19.9537 0.785 -1.43142 104.056 -326.067 0 0 0 0 0 0 0 1 0 1 0 
Tue Aug 14 2018 20:44:53 0.118 -20.045 0.785 -1.42102 104.101 -326.395 0 0 0 0 0 0 0 1 0 1 0 
Tue Aug 14 2018 20:45:09 0.1315 -21.4717 -0.785 -1.35723 105.129 -331.228 0 0 0 0 0 0 0 1 0 1 0 
Tue Aug 14 2018 20:45:11 0.1359 -21.5218 -0.785 -1.36512 105.202 -331.584 0 0 0 0 0 0 0 1 0 1 0 
Tue Aug 14 2018 20:45:12 0.143 -21.6074 -0.785 -1.37992 105.346 -332.331 0 0 0 0 0 0 0 1 0 1 0 
Tue Aug 14 2018 20:45:14 0.1459 -21.6436 -0.785 -1.38682 105.417 -332.72 0 0 0 0 0 0 0 1 0 1 0 
Tue Aug 14 2018 20:45:16 0.1535 -21.7023 -0.785 -1.40772 105.552 -333.528 0 0 0 0 0 0 0 1 0 1 0 
Tue Aug 14 2018 20:45:17 0.1574 -21.7243 -0.785 -1.41732 105.616 -333.947 0 0 0 0 0 0 0 1 0 1 0 
Tue Aug 14 2018 20:45:19 0.1638 -21.7535 -0.785 -1.43612 105.736 -334.819 0 0 0 0 0 0 0 1 0 1 0 
Tue Aug 14 2018 20:45:21 0.1688 -21.765 0.785 -1.45441 105.844 -335.726 0 0 0 0 0 0 0 1 0 1 0 
Tue Aug 14 2018 20:45:23 0.1726 -21.7609 0.785 -1.47091 105.938 -336.661 0 0 0 0 0 0 0 1 0 1 0 
Tue Aug 14 2018 20:45:28 0.1842 -21.666 0.785 -1.42602 106.254 -339.579 0 0 0 0 0 0 0 1 0 1 0 
Tue Aug 14 2018 20:45:40 0.1992 -21.1464 -0.785 -1.43152 107.198 -345.369 0 0 0 0 0 0 0 1 0 1 0 
Tue Aug 14 2018 20:45:41 0.203 -21.0125 -0.785 -1.44731 107.335 -346.469 0 0 0 0 0 0 0 1 0 1 0 
Tue Aug 14 2018 20:45:43 0.2053 -20.9396 -0.785 -1.45531 107.398 -347.027 0 0 0 0 0 0 0 1 0 1 0 
Tue Aug 14 2018 20:45:44 0.2092 -20.7814 -0.785 -1.47361 107.511 -348.161 0 0 0 0 0 0 0 1 0 1 0 
Tue Aug 14 2018 20:45:46 0.2108 -20.6965 -0.785 -1.48401 107.56 -348.737 0 0 0 0 0 0 0 1 0 1 0 
Tue Aug 14 2018 20:45:48 0.2134 -20.516 -0.785 -1.50491 107.641 -349.904 0 0 0 0 0 0 0 1 0 1 0 
Tue Aug 14 2018 20:45:49 0.2145 -20.4208 -0.785 -1.51451 107.673 -350.493 0 0 0 0 0 0 0 1 0 1 0 
Tue Aug 14 2018 20:45:51 0.2163 -20.2216 0.785 -1.5329 107.719 -351.681 0 0 0 0 0 0 0 1 0 1 0 
Tue Aug 14 2018 20:45:52 0.217 -20.1178 0.785 -1.5416 107.735 -352.279 0 0 0 0 0 0 0 1 0 1 0 
Tue Aug 14 2018 20:45:54 0.2182 -19.9024 0.785 -1.5579 107.751 -353.481 0 0 0 0 0 0 0 1 0 1 0 
Tue Aug 14 2018 20:45:55 0.2187 -19.7909 0.785 -1.565 107.753 -354.085 0 0 0 0 0 0 0 1 0 1 0 
Tue Aug 14 2018 20:45:57 0.2195 -19.561 0.785 -1.5616 107.747 -355.296 0 0 0 0 0 0 0 1 0 1 0 
Tue Aug 14 2018 20:45:58 0.2209 -19.3219 0.785 -1.5408 107.762 -356.511 0 0 0 0 0 0 0 1 0 1 0 
Tue Aug 14 2018 20:46:10 0.2358 -17.7483 -0.785 -1.50121 108.225 -363.462 0 0 0 0 0 0 0 1 0 1 0 
Tue Aug 14 2018 20:46:11 0.2369 -17.4222 -0.785 -1.51581 108.297 -364.764 0 0 0 0 0 0 0 1 0 1 0 
Tue Aug 14 2018 20:46:13 0.2373 -17.2555 -0.785 -1.5224 108.326 -365.418 0 0 0 0 0 0 0 1 0 1 0 
Tue Aug 14 2018 20:46:14 0.2381 -16.9151 -0.785 -1.5395 108.369 -366.729 0 0 0 0 0 0 0 1 0 1 0 
Tue Aug 14 2018 20:46:16 0.2384 -16.7415 -0.785 -1.55 108.382 -367.387 0 0 0 0 0 0 0 1 0 1 0 
Tue Aug 14 2018 20:46:17 0.2389 -16.3878 -0.785 -1.5687 108.387 -368.705 0 0 0 0 0 0 0 1 0 1 0 
Tue Aug 14 2018 20:46:19 0.239 -16.2078 -0.785 -1.5781 108.38 -369.365 0 0 0 0 0 0 0 1 0 1 0 
Tue Aug 14 2018 20:46:21 0.2394 -15.8417 0.785 -1.5969 108.348 -370.686 0 0 0 0 0 0 0 1 0 1 0 
Tue Aug 14 2018 20:46:22 0.2395 -15.6557 0.785 -1.60629 108.323 -371.347 0 0 0 0 0 0 0 1 0 1 0 
Tue Aug 14 2018 20:46:24 0.2397 -15.2777 0.785 -1.62509 108.254 -372.668 0 0 0 0 0 0 0 1 0 1 0 
Tue Aug 14 2018 20:46:29 0.24 -14.2994 0.785 -1.67199 107.971 -375.97 0 0 0 0 0 0 0 1 0 1 0 
Tue Aug 14 2018 20:46:40 0.2402 -11.9847 -0.785 -1.77527 106.804 -383.172 0 0 0 0 0 0 0 1 0 1 0 
Tue Aug 14 2018 20:46:41 0.2402 -11.5403 -0.785 -1.79397 106.512 -384.467 0 0 0 0 0 0 0 1 0 1 0 
Tue Aug 14 2018 20:46:43 0.2402 -11.3154 -0.785 -1.80337 106.356 -385.112 0 0 0 0 0 0 0 1 0 1 0 
Tue Aug 14 2018 20:46:44 0.2402 -10.8601 -0.785 -1.82217 106.028 -386.398 0 0 0 0 0 0 0 1 0 1 0 
Tue Aug 14 2018 20:46:46 0.2402 -10.6298 -0.785 -1.83157 105.855 -387.039 0 0 0 0 0 0 0 1 0 1 0 
Tue Aug 14 2018 20:46:47 0.2402 -10.1639 -0.785 -1.85036 105.49 -388.316 0 0 0 0 0 0 0 1 0 1 0 
Tue Aug 14 2018 20:46:49 0.2402 -9.9282 -0.785 -1.85966 105.299 -388.951 0 0 0 0 0 0 0 1 0 1 0 
Tue Aug 14 2018 20:46:50 0.2402 -9.4515 0.785 -1.87846 104.898 -390.217 0 0 0 0 0 0 0 1 0 1 0 
Tue Aug 14 2018 20:46:52 0.2402 -9.2104 0.785 -1.88786 104.689 -390.846 0 0 0 0 0 0 0 1 0 1 0 
Tue Aug 14 2018 20:46:54 0.2402 -8.723 0.785 -1.90666 104.253 -392.1 0 0 0 0 0 0 0 1 0 1 0 
Tue Aug 14 2018 20:46:55 0.2402 -8.4766 0.785 -1.91606 104.026 -392.724 0 0 0 0 0 0 0 1 0 1 0 
Tue Aug 14 2018 20:46:57 0.2401 -7.9784 0.785 -1.93475 103.555 -393.964 0 0 0 0 0 0 0 1 0 1 0 
Tue Aug 14 2018 20:46:58 0.2401 -7.7266 0.785 -1.94415 103.311 -394.581 0 0 0 0 0 0 0 1 0 1 0 
Tue Aug 14 2018 20:47:10 0.24 -4.566 -0.785 -2.05684 99.9346 -401.785 0 0 0 0 0 0 0 1 0 1 0 
Tue Aug 14 2018 20:47:13 0.24 -3.4554 -0.785 -2.09433 98.6316 -404.096 0 0 0 0 0 0 0 1 0 1 0 
Tue Aug 14 2018 20:47:15 0.24 -3.1732 -0.785 -2.10373 98.2924 -404.665 0 0 0 0 0 0 0 1 0 1 0 
Tue Aug 14 2018 20:47:16 0.2399 -2.6036 -0.785 -2.12253 97.5981 -405.795 0 0 0 0 0 0 0 1 0 1 0 
Tue Aug 14 2018 20:47:18 0.2399 -2.3161 -0.785 -2.13193 97.243 -406.355 0 0 0 0 0 0 0 1 0 1 0 
Tue Aug 14 2018 20:47:20 0.2399 -1.443 0.785 -2.16002 96.1464 -408.014 0 0 0 0 0 0 0 1 0 1 0 
Tue Aug 14 2018 20:47:22 0.2399 -1.1483 0.785 -2.16942 95.7705 -408.56 0 0 0 0 0 0 0 1 0 1 0 
Tue Aug 14 2018 20:47:23 0.2399 -0.5537 0.785 -2.18822 95.0035 -409.641 0 0 0 0 0 0 0 1 0 1 0 
Tue Aug 14 2018 20:47:25 0.2398 -0.2537 0.785 -2.19762 94.6125 -410.176 0 0 0 0 0 0 0 1 0 1 0 
Tue Aug 14 2018 20:47:27 0.2398 0 0.785 -2.20702 94.2164 -410.707 0 0 0 0 0 0 0 1 0 1 0 
Tue Aug 14 2018 20:47:29 0.2398 0 0.785 -2.23522 92.9986 -412.279 0 0 0 0 0 0 0 1 0 1 0 
Tue Aug 14 2018 20:47:42 -0.1225 0 -0.785 -2.22952 92.3522 -412.969 0 0 0 0 0 0 0 1 0 1 0 
Tue Aug 14 2018 20:47:44 -0.1308 0 -0.785 -2.23502 92.149 -413.224 0 0 0 0 0 0 0 1 0 1 0 
Tue Aug 14 2018 20:47:54 -0.1271 0 0.785 -2.3217 89.3299 -416.475 0 0 0 0 0 0 0 1 0 1 0 
Tue Aug 14 2018 20:47:56 -0.1297 0 0.785 -2.3284 89.0845 -416.731 0 0 0 0 0 0 0 1 0 1 0 
Tue Aug 14 2018 20:47:57 -0.136 0 0.785 -2.3405 88.5754 -417.251 0 0 0 0 0 0 0 1 0 1 0 
Tue Aug 14 2018 20:47:59 -0.1396 0 0.785 -2.3301 88.3118 -417.521 0 0 0 0 0 0 0 1 0 1 0 
Tue Aug 14 2018 20:48:00 -0.1474 0 0.785 -2.30921 87.7723 -418.089 0 0 0 0 0 0 0 1 0 1 0 
Tue Aug 14 2018 20:48:02 -0.1515 0 0.785 -2.29881 87.496 -418.39 0 0 0 0 0 0 0 1 0 1 0 
