0.321182
0.328566
0.326050
0.324613
0.329771
0.318558
0.325957
0.327745
0.328816
0.317915
0.328730
0.330117
0.328177
0.329959
0.327853
0.330209
0.327721
0.319325
0.327379
0.323880
0.327361
0.314215
0.319076
0.329488
0.318429
0.328079
0.330028
0.328398
0.329648
0.331431
0.328725
0.318091
0.328279
0.330373
0.328925
0.329818
0.320567
0.330201
0.327622
0.328855
0.327457
0.317740
0.327771
0.329767
0.319258
0.328934
0.326360
0.328520
0.331739
0.328331
0.330762
0.328257
0.330973
0.328096
0.329433
0.328416
0.329303
0.327251
0.329787
0.318066
0.329208
0.328241
0.329003
0.327661
0.328688
0.318512
0.328671
0.330563
0.328893
0.330071
0.328966
0.329378
0.327899
0.317653
0.327064
0.329091
0.326517
0.319092
0.327469
0.329499
0.326737
0.328011
0.331511
0.328380
0.330089
0.327950
0.330190
0.319361
0.329368
0.327623
0.329293
0.330827
0.329212
0.327067
0.328846
0.331183
0.328192
0.331053
0.328803
0.329527
