13.347239
5.518661
5.517678
5.515285
5.518496
5.519635
5.506653
5.519355
5.515702
5.506986
5.514598
5.515799
5.517229
5.518128
5.516144
5.515534
5.516634
5.518139
5.513058
5.516615
5.517879
5.513482
5.518926
5.520468
5.514322
5.511433
5.515898
5.518497
5.518359
5.517337
5.515972
5.508259
5.514911
5.515517
5.517824
5.517998
5.515803
5.508747
5.513263
5.510106
5.524541
5.521656
5.518326
5.514786
5.516086
5.516077
5.518598
5.517940
5.518488
5.515599
5.519886
5.530398
5.517207
5.518667
5.507700
5.518237
5.515951
5.563675
5.519783
5.518770
5.507903
5.518440
5.515846
5.517985
5.564381
5.514880
5.515192
5.520929
5.517585
5.513559
5.514331
5.516168
5.564335
5.519696
5.514868
5.522373
5.514812
5.510117
5.509337
5.512056
5.510442
5.516779
5.515177
5.515724
5.517495
5.520255
5.519710
5.518964
5.518151
5.515539
5.517448
5.512744
5.520871
5.518482
5.515510
5.516427
5.518314
5.519289
5.518902
5.508630
