0.347925
0.349252
0.346512
0.345749
0.346915
0.341340
0.346037
0.348886
0.346450
0.347718
0.344903
0.347726
0.349579
0.347593
0.349711
0.347952
0.349168
0.347885
0.348045
0.347230
0.348063
0.345201
0.347289
0.345591
0.347751
0.349077
0.347692
0.348942
0.346693
0.348581
0.346742
0.347526
0.346135
0.347552
0.345625
0.348702
0.344941
0.347470
0.345175
0.348323
0.348464
0.346231
0.347760
0.346458
0.347922
0.345752
0.347406
0.342185
0.347370
0.349421
0.346298
0.348787
0.346713
0.348648
0.346128
0.348422
0.350455
0.347831
0.346198
0.347179
0.349968
0.347579
0.348876
0.346337
0.347998
0.346643
0.347082
0.344970
0.346591
0.348344
0.347118
0.347965
0.346159
0.348118
0.346063
0.347288
0.349028
0.348201
0.345307
0.347743
0.349330
0.346194
0.347540
0.349134
0.347730
0.348989
0.346962
0.344627
0.346768
0.348016
0.346053
0.348396
0.345572
0.348065
0.345166
0.347307
0.349763
0.346799
0.349199
0.346284
