7.197777
11.056846
11.096411
11.044013
11.051377
11.049357
11.096319
11.050733
11.054197
11.098628
11.046700
11.050644
11.053720
11.050886
11.051002
11.051315
11.047514
11.047164
11.042772
11.048770
11.051735
11.051147
11.051512
11.051529
11.051481
11.056398
11.051458
11.050412
11.043523
11.043928
11.051476
11.050026
11.052285
11.049838
11.045502
11.054778
11.051421
11.050785
11.053376
11.050245
11.052285
11.051320
11.056441
11.053746
11.051326
11.050976
11.053884
11.045166
11.057025
11.050340
11.052147
11.051217
11.053170
11.062672
11.051356
11.048981
11.054659
11.048898
11.096252
11.051656
11.047930
11.051482
11.050480
11.051032
11.054030
11.049856
11.050440
11.054418
11.049399
11.053788
11.049748
11.046220
11.049881
11.051426
11.056204
11.049109
11.050649
11.047502
11.050639
11.048362
11.053854
11.049240
11.051967
11.049281
11.050552
11.051269
11.050742
11.052644
11.047704
11.050627
11.050961
11.050941
11.053839
11.050175
11.051787
11.051229
11.054436
11.058952
11.050009
11.054820
