0.348263
0.343289
0.341562
0.346273
0.341243
0.342586
0.340714
0.345852
0.346407
0.338945
0.346810
0.348745
0.345978
0.347901
0.344965
0.347610
0.349390
0.346922
0.345909
0.347233
0.348887
0.346360
0.347900
0.345840
0.347649
0.347893
0.346974
0.348711
0.346178
0.348595
0.346086
0.347278
0.345235
0.348406
0.345136
0.347714
0.345042
0.347476
0.349977
0.347956
0.348601
0.346847
0.348009
0.347187
0.348327
0.346259
0.348136
0.345861
0.348201
0.345991
0.348170
0.345176
0.347975
0.349387
0.348175
0.345295
0.347936
0.348994
0.346301
0.348667
0.345678
0.347879
0.345796
0.346900
0.344052
0.346416
0.348379
0.346937
0.347026
0.345309
0.347559
0.349046
0.347766
0.344798
0.347472
0.347818
0.346802
0.347525
0.345248
0.346927
0.345268
0.351265
0.348839
0.347375
0.348498
0.346379
0.348366
0.345402
0.348368
0.349234
0.347684
0.350129
0.347555
0.345149
0.348429
0.349324
0.346897
0.348901
0.346479
0.348265
