4.266767
2.187181
2.186473
2.193406
2.191815
2.191170
2.191708
2.191465
2.192266
2.187814
2.194916
2.191276
2.193354
2.194660
2.190766
2.191958
2.191759
2.189810
2.189146
2.191242
2.191778
2.195250
2.191347
2.191520
2.191401
2.192118
2.190682
2.192131
2.190810
2.191684
2.190821
2.192017
2.192074
2.190369
2.192637
2.190572
2.191814
2.191633
2.191581
2.186647
2.193147
2.190527
2.191718
2.191053
2.191971
2.192024
2.186752
2.184683
2.190835
2.191707
2.191453
2.191528
2.191895
2.187401
2.194624
2.191442
2.191887
2.195473
2.190764
2.192025
2.192413
2.190114
2.192007
2.191379
2.192561
2.193826
2.192622
2.195205
2.191847
2.190891
2.191572
2.191002
2.193587
2.194637
2.192186
2.190946
2.191270
2.190534
2.193751
2.194390
2.191964
2.192045
2.195619
2.191215
2.191073
2.191764
2.192014
2.190704
2.192356
2.194146
2.190987
2.191975
2.191620
2.190878
2.192926
2.191432
2.191087
2.191465
2.191786
2.191455
