0.322149
0.327667
0.322727
0.324957
0.330124
0.327002
0.320306
0.321789
0.326764
0.320109
0.329565
0.328462
0.330591
0.328582
0.329824
0.327706
0.329966
0.327594
0.330160
0.319435
0.328631
0.326796
0.321739
0.326817
0.329709
0.318981
0.328551
0.318867
0.328211
0.330066
0.328147
0.329783
0.327907
0.329894
0.326716
0.328419
0.327574
0.329276
0.331071
0.329061
0.330765
0.328263
0.330512
0.327973
0.329735
0.327463
0.328994
0.327527
0.328709
0.326339
0.328450
0.330533
0.328778
0.330042
0.328187
0.329328
0.319986
0.329297
0.327433
0.328937
0.319070
0.329393
0.326781
0.328741
0.326575
0.328323
0.329582
0.322961
0.330642
0.327261
0.329091
0.319432
0.328829
0.330880
0.324452
0.329711
0.327315
0.329073
0.319378
0.328809
0.327158
0.328524
0.330466
0.328272
0.330050
0.328190
0.316933
0.328407
0.329593
0.318185
0.327681
0.331037
0.329012
0.329979
0.327886
0.317840
0.319196
0.329348
0.327187
0.328801
