15.332199
11.082600
11.073703
11.073410
11.083165
11.095652
11.086288
11.086128
11.083163
11.085638
11.090528
11.088630
11.090013
11.090208
11.079870
11.086236
11.086767
11.089528
11.086925
11.091350
11.090952
11.086532
11.087971
11.081089
11.077913
11.095629
11.092959
11.086287
11.091547
11.087491
11.093947
11.090250
11.087200
11.092114
11.086065
11.091318
11.084860
11.088857
11.082613
11.089710
11.088136
11.094160
11.092683
11.090411
11.087581
11.090763
11.083954
11.087469
11.088145
11.086924
11.088173
11.082773
11.087086
11.086937
11.088624
11.090568
11.088577
11.083567
11.085860
11.089348
11.087194
11.087856
11.087197
11.084495
11.085000
11.088458
11.086264
11.086964
11.075406
11.091818
11.075353
11.088282
11.091105
11.085120
11.087943
11.086781
11.092905
11.092114
11.087099
11.079399
11.087954
11.088811
11.086338
11.087919
11.091037
11.085287
11.089736
11.088881
11.090237
11.084827
11.076628
11.088321
11.086764
11.074046
11.093876
11.090512
11.081326
11.079590
11.081039
11.090028
