Thu Aug 09 2018 17:57:44 0 0 -1.5708 0.006699 0 0 0 0 0 0 0 0 0 1 0 1 0 
Thu Aug 09 2018 17:57:53 -0.1359 -0.1195 -1.57375 -0.00999 0.8859 -0.0099 0 0 0 0 0 0 0 1 0 1 0 
Thu Aug 09 2018 17:57:54 -0.1683 -0.2639 -1.57635 -0.01669 1.6664 -0.0257 0 0 0 0 0 0 0 1 0 1 0 
Thu Aug 09 2018 17:57:58 -0.2125 -0.727 -1.58315 -0.02999 3.7048 -0.0876 0 0 0 0 0 0 0 1 0 1 0 
Thu Aug 09 2018 17:58:02 -0.2388 -1.3798 -1.59133 -0.04339 6.1566 -0.1945 0 0 0 0 0 0 0 1 0 1 0 
Thu Aug 09 2018 17:58:06 -0.2545 -2.1697 -1.60033 -0.05669 8.8514 -0.348 0 0 0 0 0 0 0 1 0 1 0 
Thu Aug 09 2018 17:58:10 -0.2637 -3.0574 -1.60981 -0.07009 11.6885 -0.5476 0 0 0 0 0 0 0 1 0 1 0 
Thu Aug 09 2018 17:58:14 -0.2693 -4.0163 -1.61958 -0.08338 14.6083 -0.7923 0 0 0 0 0 0 0 1 0 1 0 
Thu Aug 09 2018 17:58:18 -0.2725 -5.0296 -1.62952 -0.09678 17.5752 -1.0809 0 0 0 0 0 0 0 1 0 1 0 
Thu Aug 09 2018 17:58:22 -0.2744 -6.0872 -1.63957 -0.11008 20.5677 -1.4125 0 0 0 0 0 0 0 1 0 1 0 
Thu Aug 09 2018 17:58:26 -0.2756 -7.1826 -1.64968 -0.12348 23.5731 -1.7863 0 0 0 0 0 0 0 1 0 1 0 
Thu Aug 09 2018 17:58:30 -0.2762 -8.3122 -1.65983 -0.13678 26.5834 -2.2017 0 0 0 0 0 0 0 1 0 1 0 
Thu Aug 09 2018 17:58:34 -0.2766 -9.4736 -1.67 -0.15018 29.5938 -2.6582 0 0 0 0 0 0 0 1 0 1 0 
Thu Aug 09 2018 17:58:38 -0.2768 -10.6656 -1.68018 -0.16347 32.6011 -3.1556 0 0 0 0 0 0 0 1 0 1 0 
Thu Aug 09 2018 17:58:42 -0.2769 -11.8873 -1.69038 -0.17687 35.6033 -3.6935 0 0 0 0 0 0 0 1 0 1 0 
Thu Aug 09 2018 17:58:46 -0.2769 -13.1382 -1.70058 -0.19017 38.5989 -4.2717 0 0 0 0 0 0 0 1 0 1 0 
Thu Aug 09 2018 17:58:50 -0.277 -14.4181 -1.71079 -0.20357 41.5868 -4.89 0 0 0 0 0 0 0 1 0 1 0 
Thu Aug 09 2018 17:58:54 -0.2769 -15.7268 -1.72101 -0.21687 44.5661 -5.5483 0 0 0 0 0 0 0 1 0 1 0 
Thu Aug 09 2018 17:58:58 -0.2769 -17.0641 -1.73123 -0.23027 47.5362 -6.2463 0 0 0 0 0 0 0 1 0 1 0 
Thu Aug 09 2018 17:59:02 -0.2769 -18.4301 -1.74145 -0.24356 50.4964 -6.984 0 0 0 0 0 0 0 1 0 1 0 
Thu Aug 09 2018 17:59:07 -0.0885 -18.7427 -1.73695 -0.28536 49.1994 -6.6168 0 0 0 0 0 0 0 1 0 1 0 
Thu Aug 09 2018 17:59:08 -0.005 -18.9757 -1.73554 -0.30616 48.7949 -6.4925 0 0 0 0 0 0 0 1 0 1 0 
Thu Aug 09 2018 17:59:12 0.1097 -19.4293 -1.73684 -0.34785 49.1647 -6.6278 0 0 0 0 0 0 0 1 0 1 0 
Thu Aug 09 2018 17:59:19 0.2688 -19.5071 -1.74645 -0.41044 51.8695 -7.7455 0 0 0 0 0 0 0 1 0 1 0 
Thu Aug 09 2018 17:59:20 0.3027 -19.2934 -1.75137 -0.43134 53.2401 -8.3718 0 0 0 0 0 0 0 1 0 1 0 
Thu Aug 09 2018 17:59:25 0.2069 -18.8524 -1.76149 -0.47304 56.0308 -9.7511 0 0 0 0 0 0 0 1 0 1 0 
Thu Aug 09 2018 17:59:26 0.0958 -18.8794 -1.76486 -0.49393 56.9492 -10.2417 0 0 0 0 0 0 0 1 0 1 0 
Thu Aug 09 2018 17:59:31 0.0751 -19.1987 -1.76716 -0.53563 57.5702 -10.5979 0 0 0 0 0 0 0 1 0 1 0 
Thu Aug 09 2018 17:59:36 0.2578 -19.184 -1.77529 -0.59822 59.7259 -12.0155 0 0 0 0 0 0 0 1 0 1 0 
Thu Aug 09 2018 17:59:40 0.3222 -18.5775 -1.7849 -0.63991 62.2249 -13.8288 0 0 0 0 0 0 0 1 0 1 0 
Thu Aug 09 2018 17:59:44 0.1373 -18.0897 -1.79405 -0.68161 64.5563 -15.6639 0 0 0 0 0 0 0 1 0 1 0 
Thu Aug 09 2018 17:59:54 0.2147 -18.3125 -1.80103 -0.7859 66.2695 -17.2675 0 0 0 0 0 0 0 1 0 1 0 
Thu Aug 09 2018 17:59:58 0.2964 -17.7765 -1.80878 -0.82759 68.1108 -19.2261 0 0 0 0 0 0 0 1 0 1 0 
Thu Aug 09 2018 18:00:03 0.1949 -17.1358 -1.81724 -0.86939 70.0648 -21.4765 0 0 0 0 0 0 0 1 0 1 0 
Thu Aug 09 2018 18:00:09 0.1002 -17.0676 -1.82234 -0.93188 71.2059 -22.9236 0 0 0 0 0 0 0 1 0 1 0 
Thu Aug 09 2018 18:00:10 0.1698 -17.0129 -1.82402 -0.95278 71.569 -23.4352 0 0 0 0 0 0 0 1 0 1 0 
Thu Aug 09 2018 18:00:14 0.2696 -16.5431 -1.82997 -0.99447 72.8254 -25.3258 0 0 0 0 0 0 0 1 0 1 0 
Thu Aug 09 2018 18:00:18 0.329 -15.6052 -1.83814 -1.03627 74.4853 -28.0554 0 0 0 0 0 0 0 1 0 1 0 
Thu Aug 09 2018 18:00:22 0.3644 -14.3156 -1.84747 -1.07796 76.2931 -31.3248 0 0 0 0 0 0 0 1 0 1 0 
Thu Aug 09 2018 18:00:26 0.3854 -12.785 -1.85737 -1.11965 78.1055 -34.9505 0 0 0 0 0 0 0 1 0 1 0 
Thu Aug 09 2018 18:00:30 0.3979 -11.0927 -1.86747 -1.16135 79.8416 -38.8194 0 0 0 0 0 0 0 1 0 1 0 
Thu Aug 09 2018 18:00:34 0.4054 -9.2904 -1.87757 -1.20304 81.4555 -42.86 0 0 0 0 0 0 0 1 0 1 0 
Thu Aug 09 2018 18:00:38 0.4098 -7.4102 -1.88754 -1.24484 82.9207 -47.0262 0 0 0 0 0 0 0 1 0 1 0 
Thu Aug 09 2018 18:00:42 0.4124 -5.4719 -1.89731 -1.28653 84.2216 -51.2871 0 0 0 0 0 0 0 1 0 1 0 
Thu Aug 09 2018 18:00:46 0.4139 -3.4874 -1.9068 -1.32823 85.3487 -55.6208 0 0 0 0 0 0 0 1 0 1 0 
Thu Aug 09 2018 18:00:50 0.4148 -1.4639 -1.91598 -1.36992 86.2962 -60.0109 0 0 0 0 0 0 0 1 0 1 0 
Thu Aug 09 2018 18:00:57 0.4155 0 -1.9291 -1.43252 87.3729 -66.6742 0 0 0 0 0 0 0 1 0 1 0 
Thu Aug 09 2018 18:00:58 0.4156 0 -1.93328 -1.45341 87.6388 -68.9107 0 0 0 0 0 0 0 1 0 1 0 
Thu Aug 09 2018 18:01:03 0.1335 0 -1.92975 -1.49511 87.4591 -66.909 0 0 0 0 0 0 0 1 0 1 0 
Thu Aug 09 2018 18:01:04 0.0081 0 -1.92869 -1.51601 87.4146 -66.2736 0 0 0 0 0 0 0 1 0 1 0 
Thu Aug 09 2018 18:01:06 -0.089 0 -1.92871 -1.5369 87.4086 -66.3037 0 0 0 0 0 0 0 1 0 1 0 
Thu Aug 09 2018 18:01:10 -0.2217 0 -1.93081 -1.5786 87.4002 -67.8104 0 0 0 0 0 0 0 1 0 1 0 
Thu Aug 09 2018 18:01:17 -0.222 0 -1.93568 -1.64119 87.1999 -71.7183 0 0 0 0 0 0 0 1 0 1 0 
Thu Aug 09 2018 18:01:23 -0.1568 0 -1.93886 -1.70378 86.8556 -74.7725 0 0 0 0 0 0 0 1 0 1 0 
Thu Aug 09 2018 18:01:27 -0.2004 0 -1.94044 -1.74548 86.5369 -76.6498 0 0 0 0 0 0 0 1 0 1 0 
Thu Aug 09 2018 18:01:28 -0.218 0 -1.94124 -1.76627 86.3161 -77.7518 0 0 0 0 0 0 0 1 0 1 0 
Thu Aug 09 2018 18:01:32 -0.2422 0 -1.94274 -1.80807 85.7477 -80.1924 0 0 0 0 0 0 0 1 0 1 0 
Thu Aug 09 2018 18:01:39 -0.1786 -0.0979 -1.94421 -1.87066 84.7305 -83.7375 0 0 0 0 0 0 0 1 0 1 0 
Thu Aug 09 2018 18:01:43 -0.1817 -0.4411 -1.94454 -1.91236 84.098 -85.5595 0 0 0 0 0 0 0 1 0 1 0 
Thu Aug 09 2018 18:01:44 -0.2028 -0.6561 -1.94457 -1.93325 83.7301 -86.5207 0 0 0 0 0 0 0 1 0 1 0 
Thu Aug 09 2018 18:01:48 -0.2331 -1.2283 -1.94434 -1.97495 82.8175 -88.7015 0 0 0 0 0 0 0 1 0 1 0 
Thu Aug 09 2018 18:01:52 -0.2511 -1.9506 -1.94359 -2.01664 81.6971 -91.0983 0 0 0 0 0 0 0 1 0 1 0 
Thu Aug 09 2018 18:01:56 -0.2618 -2.78 -1.94225 -2.05834 80.4016 -93.5949 0 0 0 0 0 0 0 1 0 1 0 
Thu Aug 09 2018 18:02:00 -0.2681 -3.6865 -1.94027 -2.10013 78.9543 -96.1213 0 0 0 0 0 0 0 1 0 1 0 
Thu Aug 09 2018 18:02:04 -0.2719 -4.6513 -1.93764 -2.14183 77.3718 -98.6347 0 0 0 0 0 0 0 1 0 1 0 
Thu Aug 09 2018 18:02:08 -0.2741 -5.6626 -1.93433 -2.18352 75.6662 -101.108 0 0 0 0 0 0 0 1 0 1 0 
Thu Aug 09 2018 18:02:12 -0.2754 -6.7132 -1.93032 -2.22532 73.8465 -103.525 0 0 0 0 0 0 0 1 0 1 0 
Thu Aug 09 2018 18:02:16 -0.2761 -7.7987 -1.9256 -2.26701 71.9198 -105.872 0 0 0 0 0 0 0 1 0 1 0 
Thu Aug 09 2018 18:02:20 -0.2766 -8.9166 -1.92015 -2.30871 69.8921 -108.143 0 0 0 0 0 0 0 1 0 1 0 
Thu Aug 09 2018 18:02:24 -0.2768 -10.0654 -1.91396 -2.3504 67.7686 -110.329 0 0 0 0 0 0 0 1 0 1 0 
Thu Aug 09 2018 18:02:28 -0.2769 -11.244 -1.90701 -2.3922 65.554 -112.426 0 0 0 0 0 0 0 1 0 1 0 
Thu Aug 09 2018 18:02:32 -0.277 -12.452 -1.8993 -2.43389 63.2528 -114.43 0 0 0 0 0 0 0 1 0 1 0 
Thu Aug 09 2018 18:02:36 -0.277 -13.689 -1.89082 -2.47559 60.8695 -116.336 0 0 0 0 0 0 0 1 0 1 0 
Thu Aug 09 2018 18:02:40 -0.277 -14.9548 -1.88156 -2.51738 58.4086 -118.14 0 0 0 0 0 0 0 1 0 1 0 
Thu Aug 09 2018 18:02:44 -0.277 -16.2493 -1.87153 -2.55907 55.8745 -119.84 0 0 0 0 0 0 0 1 0 1 0 
Thu Aug 09 2018 18:02:48 -0.2769 -17.5724 -1.86072 -2.60077 53.2718 -121.433 0 0 0 0 0 0 0 1 0 1 0 
Thu Aug 09 2018 18:02:55 -0.1269 -19.1116 -1.85034 -2.64586 50.8761 -122.768 0 0 0 0 0 0 0 1 0 1 0 
Thu Aug 09 2018 18:02:56 -0.0357 -19.3182 -1.85255 -2.65626 51.3812 -122.492 0 0 0 0 0 0 0 1 0 1 0 
Thu Aug 09 2018 18:02:58 0.036 -19.5642 -1.85308 -2.66676 51.5032 -122.42 0 0 0 0 0 0 0 1 0 1 0 
Thu Aug 09 2018 18:03:02 0.1341 -19.9597 -1.84987 -2.68676 50.7906 -122.749 0 0 0 0 0 0 0 1 0 1 0 
Thu Aug 09 2018 18:03:06 0.2395 -20.0462 -1.84207 -2.70516 49.0807 -123.53 0 0 0 0 0 0 0 1 0 1 0 
Thu Aug 09 2018 18:03:08 0.28 -19.9092 -1.83634 -2.71306 47.844 -124.081 0 0 0 0 0 0 0 1 0 1 0 
Thu Aug 09 2018 18:03:15 0.1813 -19.2495 -1.81622 -2.73345 43.6079 -125.9 0 0 0 0 0 0 0 1 0 1 0 
Thu Aug 09 2018 18:03:22 0.2595 -19.2418 -1.7987 -2.74895 40.0472 -127.337 0 0 0 0 0 0 0 1 0 1 0 
Thu Aug 09 2018 18:03:26 0.3232 -18.6416 -1.78417 -2.75395 37.1627 -128.481 0 0 0 0 0 0 0 1 0 1 0 
Thu Aug 09 2018 18:03:31 0.1356 -18.1673 -1.76994 -2.75735 34.3977 -129.564 0 0 0 0 0 0 0 1 0 1 0 
Thu Aug 09 2018 18:03:35 0.1552 -18.2441 -1.76309 -2.75655 33.0858 -130.066 0 0 0 0 0 0 0 1 0 1 0 
Thu Aug 09 2018 18:03:40 0.2956 -17.6985 -1.74536 -2.75215 29.7391 -131.376 0 0 0 0 0 0 0 1 0 1 0 
Thu Aug 09 2018 18:03:47 0.1937 -16.7111 -1.72227 -2.74195 25.4775 -133.085 0 0 0 0 0 0 0 1 0 1 0 
Thu Aug 09 2018 18:03:48 0.1074 -16.6285 -1.71719 -2.73745 24.5567 -133.46 0 0 0 0 0 0 0 1 0 1 0 
Thu Aug 09 2018 18:03:52 -0.0146 -16.6991 -1.71349 -2.72865 23.8891 -133.725 0 0 0 0 0 0 0 1 0 1 0 
Thu Aug 09 2018 18:03:56 -0.0873 -16.7559 -1.7157 -2.71985 24.2926 -133.532 0 0 0 0 0 0 0 1 0 1 0 
Thu Aug 09 2018 18:04:00 -0.1306 -16.6851 -1.72136 -2.71096 25.3287 -133.053 0 0 0 0 0 0 0 1 0 1 0 
Thu Aug 09 2018 18:04:04 -0.1564 -16.4891 -1.72898 -2.70216 26.7352 -132.393 0 0 0 0 0 0 0 1 0 1 0 
Thu Aug 09 2018 18:04:08 -0.1717 -16.1938 -1.73764 -2.69336 28.3572 -131.619 0 0 0 0 0 0 0 1 0 1 0 
Thu Aug 09 2018 18:04:12 -0.1809 -15.8231 -1.74684 -2.68446 30.1033 -130.768 0 0 0 0 0 0 0 1 0 1 0 
Thu Aug 09 2018 18:04:16 -0.1864 -15.3942 -1.75625 -2.67566 31.9195 -129.863 0 0 0 0 0 0 0 1 0 1 0 
Thu Aug 09 2018 18:04:20 -0.1897 -14.9182 -1.76571 -2.66686 33.7738 -128.92 0 0 0 0 0 0 0 1 0 1 0 
Thu Aug 09 2018 18:04:24 -0.1916 -14.4025 -1.77509 -2.65796 35.6474 -127.947 0 0 0 0 0 0 0 1 0 1 0 
Thu Aug 09 2018 18:04:28 -0.1928 -13.8511 -1.78435 -2.64916 37.5287 -126.948 0 0 0 0 0 0 0 1 0 1 0 
Thu Aug 09 2018 18:04:32 -0.1935 -13.2669 -1.79345 -2.64026 39.4111 -125.928 0 0 0 0 0 0 0 1 0 1 0 
Thu Aug 09 2018 18:04:36 -0.194 -12.6514 -1.80236 -2.63147 41.2906 -124.888 0 0 0 0 0 0 0 1 0 1 0 
Thu Aug 09 2018 18:04:40 -0.1943 -12.0054 -1.81108 -2.62267 43.1646 -123.829 0 0 0 0 0 0 0 1 0 1 0 
Thu Aug 09 2018 18:04:44 -0.1945 -11.3297 -1.81959 -2.61377 45.0316 -122.753 0 0 0 0 0 0 0 1 0 1 0 
Thu Aug 09 2018 18:04:48 -0.1946 -10.6245 -1.82791 -2.60497 46.8908 -121.66 0 0 0 0 0 0 0 1 0 1 0 
Thu Aug 09 2018 18:04:52 -0.1947 -9.8901 -1.83601 -2.59617 48.7413 -120.549 0 0 0 0 0 0 0 1 0 1 0 
Thu Aug 09 2018 18:04:56 -0.1948 -9.1264 -1.84391 -2.58727 50.5828 -119.422 0 0 0 0 0 0 0 1 0 1 0 
Thu Aug 09 2018 18:05:00 -0.1948 -8.3338 -1.85161 -2.57847 52.4151 -118.278 0 0 0 0 0 0 0 1 0 1 0 
Thu Aug 09 2018 18:05:04 -0.1949 -7.512 -1.85911 -2.56967 54.2377 -117.118 0 0 0 0 0 0 0 1 0 1 0 
Thu Aug 09 2018 18:05:08 -0.1949 -6.6613 -1.8664 -2.56077 56.0506 -115.942 0 0 0 0 0 0 0 1 0 1 0 
Thu Aug 09 2018 18:05:12 -0.195 -5.7816 -1.8735 -2.55198 57.8536 -114.75 0 0 0 0 0 0 0 1 0 1 0 
Thu Aug 09 2018 18:05:16 -0.195 -4.8729 -1.8804 -2.54308 59.6465 -113.541 0 0 0 0 0 0 0 1 0 1 0 
Thu Aug 09 2018 18:05:20 -0.1951 -3.9352 -1.88711 -2.53428 61.4291 -112.317 0 0 0 0 0 0 0 1 0 1 0 
Thu Aug 09 2018 18:05:24 -0.1951 -2.9685 -1.89363 -2.52548 63.2012 -111.076 0 0 0 0 0 0 0 1 0 1 0 
Thu Aug 09 2018 18:05:28 -0.1951 -1.9729 -1.89996 -2.51658 64.9628 -109.82 0 0 0 0 0 0 0 1 0 1 0 
Thu Aug 09 2018 18:05:32 -0.1952 -0.9483 -1.9061 -2.50778 66.7138 -108.549 0 0 0 0 0 0 0 1 0 1 0 
Thu Aug 09 2018 18:05:38 -0.1953 0 -1.91498 -2.49448 69.3198 -106.612 0 0 0 0 0 0 0 1 0 1 0 
Thu Aug 09 2018 18:05:40 -0.1953 0 -1.91785 -2.49008 70.1829 -105.958 0 0 0 0 0 0 0 1 0 1 0 
Thu Aug 09 2018 18:05:45 -0.1189 0 -1.92008 -2.44839 70.8676 -105.424 0 0 0 0 0 0 0 1 0 1 0 
Thu Aug 09 2018 18:05:46 -0.1523 0 -1.91842 -2.42749 70.3477 -105.851 0 0 0 0 0 0 0 1 0 1 0 
Thu Aug 09 2018 18:05:50 -0.2033 0 -1.91399 -2.3858 68.9296 -107.102 0 0 0 0 0 0 0 1 0 1 0 
Thu Aug 09 2018 18:05:54 -0.2338 0 -1.90878 -2.3441 67.2205 -108.743 0 0 0 0 0 0 0 1 0 1 0 
Thu Aug 09 2018 18:06:05 -0.1637 0 -1.89709 -2.23981 63.2288 -113.15 0 0 0 0 0 0 0 1 0 1 0 
Thu Aug 09 2018 18:06:08 -0.2018 0 -1.89382 -2.19812 62.0326 -114.691 0 0 0 0 0 0 0 1 0 1 0 
Thu Aug 09 2018 18:06:10 -0.2192 0 -1.89207 -2.17732 61.3674 -115.607 0 0 0 0 0 0 0 1 0 1 0 
Thu Aug 09 2018 18:06:14 -0.2432 0 -1.88851 -2.13563 59.9533 -117.691 0 0 0 0 0 0 0 1 0 1 0 
