4.115584
1.096722
1.129659
1.076578
1.129439
1.131339
1.131609
1.127027
1.128292
1.079017
1.131089
1.079714
1.082186
1.076755
1.079399
1.079816
1.080319
1.127421
1.078485
1.081617
1.126533
1.078322
1.079701
1.131295
1.131499
1.080417
1.080368
1.080591
1.078722
1.079810
1.078763
1.079397
1.078925
1.079632
1.078867
1.076998
1.079371
1.078699
1.081036
1.078432
1.080218
1.079791
1.078609
1.078416
1.128419
1.080510
1.079651
1.079657
1.080007
1.131059
1.079397
1.079316
1.079936
1.079666
1.079128
1.079125
1.080407
1.080018
1.078980
1.080782
1.078915
1.079801
1.079681
1.128378
1.078661
1.079619
1.079479
1.088610
1.127569
1.078842
1.080107
1.078430
1.079071
1.080115
1.078652
1.080474
1.080172
1.078388
1.079056
1.079003
1.079769
1.079415
1.077948
1.080711
1.079334
1.131700
1.079847
1.079835
1.078903
1.079459
1.080007
1.079373
1.075796
1.079859
1.078700
1.129123
1.129016
1.076756
1.080628
1.127523
