0.350384
0.345163
0.346418
0.348041
0.346560
0.338543
0.345810
0.348158
0.348421
0.346942
0.349174
0.346796
0.344510
0.346157
0.348142
0.346464
0.348791
0.345677
0.348359
0.345309
0.346896
0.347711
0.345691
0.347905
0.345513
0.347693
0.345501
0.348052
0.344945
0.347109
0.348369
0.347696
0.347959
0.346456
0.348710
0.346069
0.348518
0.345833
0.347843
0.345588
0.346696
0.348636
0.346437
0.348458
0.346138
0.347389
0.345829
0.348376
0.348994
0.348044
0.349456
0.347531
0.345133
0.347219
0.349353
0.346666
0.341689
0.346990
0.347746
0.346023
0.347680
0.345950
0.348461
0.345219
0.347078
0.345987
0.347347
0.349309
0.347073
0.348977
0.347070
0.344859
0.346058
0.348620
0.345995
0.348571
0.347206
0.344926
0.347702
0.348915
0.346815
0.348046
0.346117
0.348214
0.346076
0.347567
0.345985
0.347767
0.345475
0.347607
0.349929
0.347220
0.349557
0.347010
0.348675
0.346793
0.348653
0.346454
0.348394
0.345984
