Thu Aug 09 2018 18:12:14 -0.0350985 0 -1.5708 0.006699 0 0 0 0 0 0 0 0 0 1 0 1 0 
Thu Aug 09 2018 18:12:14 -0.0349713 0 -1.5708 0.006699 0 0 0 0 0 0 0 0 0 1 0 1 0 
Thu Aug 09 2018 18:12:14 -0.0356039 0 -1.5708 0.006699 0 0 0 0 0 0 0 0 0 1 0 1 0 
Thu Aug 09 2018 18:12:22 -0.0351518 0 -1.5708 0.006699 0 0 0 0 0 0 0 0 0 1 0 1 0 
Thu Aug 09 2018 18:12:27 -0.034245 -0.0363 -1.57189 -0.00329 0.3285 -0.0024 0 0 0 0 0 0 0 1 0 1 0 
Thu Aug 09 2018 18:12:31 -0.0351079 -0.2639 -1.57635 -0.01669 1.6664 -0.0257 0 0 0 0 0 0 0 1 0 1 0 
Thu Aug 09 2018 18:12:32 -0.0352917 -0.4682 -1.57953 -0.02329 2.6194 -0.0512 0 0 0 0 0 0 0 1 0 1 0 
Thu Aug 09 2018 18:12:36 -0.0350622 -1.0332 -1.58711 -0.03669 4.8918 -0.1352 0 0 0 0 0 0 0 1 0 1 0 
Thu Aug 09 2018 18:12:40 -0.0363847 -1.7604 -1.59575 -0.04999 7.4811 -0.2654 0 0 0 0 0 0 0 1 0 1 0 
Thu Aug 09 2018 18:12:44 -0.0267119 -2.6033 -1.60502 -0.06339 10.2566 -0.4421 0 0 0 0 0 0 0 1 0 1 0 
Thu Aug 09 2018 18:12:48 -0.670357 -3.5292 -1.61467 -0.07679 13.1408 -0.6644 0 0 0 0 0 0 0 1 0 1 0 
Thu Aug 09 2018 18:12:52 0.76745 -4.5169 -1.62454 -0.09008 16.0875 -0.9311 0 0 0 0 0 0 0 1 0 1 0 
Thu Aug 09 2018 18:12:56 0.657417 -5.5534 -1.63454 -0.10348 19.0692 -1.2414 0 0 0 0 0 0 0 1 0 1 0 
Thu Aug 09 2018 18:13:00 -0.834003 -6.6304 -1.64462 -0.11678 22.0694 -1.5941 0 0 0 0 0 0 0 1 0 1 0 
Thu Aug 09 2018 18:13:04 -0.765745 -7.7433 -1.65475 -0.13018 25.078 -1.9888 0 0 0 0 0 0 0 1 0 1 0 
Thu Aug 09 2018 18:13:08 -0.69829 -8.889 -1.66491 -0.14348 28.0889 -2.4248 0 0 0 0 0 0 0 1 0 1 0 
Thu Aug 09 2018 18:13:12 0.17144 -10.0659 -1.67509 -0.15688 31.098 -2.9018 0 0 0 0 0 0 0 1 0 1 0 
Thu Aug 09 2018 18:13:16 0.160096 -11.2728 -1.68528 -0.17017 34.103 -3.4195 0 0 0 0 0 0 0 1 0 1 0 
Thu Aug 09 2018 18:13:20 -0.006704 -12.5091 -1.69548 -0.18357 37.102 -3.9776 0 0 0 0 0 0 0 1 0 1 0 
Thu Aug 09 2018 18:13:24 0.843604 -13.7746 -1.70569 -0.19687 40.0939 -4.5759 0 0 0 0 0 0 0 1 0 1 0 
Thu Aug 09 2018 18:13:28 0.837353 -15.0688 -1.7159 -0.21027 43.0776 -5.2142 0 0 0 0 0 0 0 1 0 1 0 
Thu Aug 09 2018 18:13:32 0.826439 -16.3919 -1.72612 -0.22357 46.0524 -5.8924 0 0 0 0 0 0 0 1 0 1 0 
Thu Aug 09 2018 18:13:36 0.833925 -17.7435 -1.73634 -0.23697 49.0176 -6.6102 0 0 0 0 0 0 0 1 0 1 0 
Thu Aug 09 2018 18:13:41 0.708406 -18.5247 -1.73948 -0.27866 49.9262 -6.83 0 0 0 0 0 0 0 1 0 1 0 
Thu Aug 09 2018 18:13:43 0.716791 -18.218 -1.73371 -0.29946 48.2706 -6.3262 0 0 0 0 0 0 0 1 0 1 0 
Thu Aug 09 2018 18:13:46 0.714308 -17.3534 -1.72089 -0.34125 44.5999 -5.0822 0 0 0 0 0 0 0 1 0 1 0 
Thu Aug 09 2018 18:13:50 0.706339 -16.2832 -1.7074 -0.38295 40.7432 -3.5942 0 0 0 0 0 0 0 1 0 1 0 
Thu Aug 09 2018 18:13:54 0.759554 -15.0748 -1.69366 -0.42464 36.8125 -1.8871 0 0 0 0 0 0 0 1 0 1 0 
Thu Aug 09 2018 18:13:58 0.766899 -13.7708 -1.67994 -0.46634 32.8751 0.021 0 0 0 0 0 0 0 1 0 1 0 
Thu Aug 09 2018 18:14:02 0.685228 -12.3977 -1.6664 -0.50813 28.9732 2.1164 0 0 0 0 0 0 0 1 0 1 0 
Thu Aug 09 2018 18:14:06 0.732723 -10.9714 -1.65318 -0.54983 25.1341 4.3883 0 0 0 0 0 0 0 1 0 1 0 
Thu Aug 09 2018 18:14:10 0.72337 -9.5016 -1.64035 -0.59152 21.3766 6.8282 0 0 0 0 0 0 0 1 0 1 0 
Thu Aug 09 2018 18:14:14 0.724509 -7.9941 -1.62798 -0.63322 17.7142 9.4288 0 0 0 0 0 0 0 1 0 1 0 
Thu Aug 09 2018 18:14:18 0.71957 -6.4523 -1.61612 -0.67501 14.1575 12.1836 0 0 0 0 0 0 0 1 0 1 0 
Thu Aug 09 2018 18:14:22 0.721608 -4.8783 -1.60479 -0.71671 10.7149 15.0867 0 0 0 0 0 0 0 1 0 1 0 
Thu Aug 09 2018 18:14:26 0.597521 -3.2734 -1.59403 -0.7584 7.3938 18.1321 0 0 0 0 0 0 0 1 0 1 0 
Thu Aug 09 2018 18:14:30 -0.841582 -1.6382 -1.58387 -0.80009 4.2008 21.3143 0 0 0 0 0 0 0 1 0 1 0 
Thu Aug 09 2018 18:14:41 -0.296852 0.1436 -1.57391 -0.90438 1.0092 24.6282 0 0 0 0 0 0 0 1 0 1 0 
Thu Aug 09 2018 18:14:43 -0.497218 -0.0596 -1.57561 -0.92528 1.5581 23.8963 0 0 0 0 0 0 0 1 0 1 0 
Thu Aug 09 2018 18:14:46 -0.506102 -0.2671 -1.57611 -0.96697 1.7202 23.6573 0 0 0 0 0 0 0 1 0 1 0 
Thu Aug 09 2018 18:14:50 -0.473761 -0.6127 -1.57426 -1.00877 1.1245 24.5584 0 0 0 0 0 0 0 1 0 1 0 
Thu Aug 09 2018 18:14:54 -0.478213 -1.1987 -1.57127 -1.05046 0.1531 26.1799 0 0 0 0 0 0 0 1 0 1 0 
Thu Aug 09 2018 18:14:58 -0.519566 -1.9895 -1.56782 -1.09216 -0.9767 28.261 0 0 0 0 0 0 0 1 0 1 0 
Thu Aug 09 2018 18:15:02 -0.515746 -2.9312 -1.56432 -1.13385 -2.1425 30.6415 0 0 0 0 0 0 0 1 0 1 0 
Thu Aug 09 2018 18:15:06 -0.540347 -3.9803 -1.56097 -1.17565 -3.2751 33.2221 0 0 0 0 0 0 0 1 0 1 0 
Thu Aug 09 2018 18:15:10 -0.567866 -5.1072 -1.55789 -1.21734 -4.3352 35.9404 0 0 0 0 0 0 0 1 0 1 0 
Thu Aug 09 2018 18:15:14 -0.568177 -6.2929 -1.55515 -1.25904 -5.3004 38.7568 0 0 0 0 0 0 0 1 0 1 0 
Thu Aug 09 2018 18:15:18 -0.603841 -7.5256 -1.55278 -1.30083 -6.1575 41.6449 0 0 0 0 0 0 0 1 0 1 0 
Thu Aug 09 2018 18:15:22 -0.609392 -8.7981 -1.55078 -1.34253 -6.8988 44.5869 0 0 0 0 0 0 0 1 0 1 0 
Thu Aug 09 2018 18:15:26 -0.608001 -10.1061 -1.54916 -1.38422 -7.5196 47.5698 0 0 0 0 0 0 0 1 0 1 0 
Thu Aug 09 2018 18:15:30 -0.795152 -11.447 -1.54793 -1.42592 -8.0169 50.5837 0 0 0 0 0 0 0 1 0 1 0 
Thu Aug 09 2018 18:15:34 -0.407759 -12.8193 -1.54708 -1.46771 -8.3889 53.6205 0 0 0 0 0 0 0 1 0 1 0 
Thu Aug 09 2018 18:15:42 -0.916122 -15.6544 -1.54647 -1.5511 -8.7527 59.7356 0 0 0 0 0 0 0 1 0 1 0 
Thu Aug 09 2018 18:15:46 -1.01529 -17.1165 -1.5467 -1.5928 -8.7434 62.8015 0 0 0 0 0 0 0 1 0 1 0 
Thu Aug 09 2018 18:15:50 -0.827621 -18.6079 -1.54728 -1.63459 -8.6065 65.8655 0 0 0 0 0 0 0 1 0 1 0 
Thu Aug 09 2018 18:15:55 -1.0644 -18.7064 -1.54684 -1.60059 -8.7177 63.8691 0 0 0 0 0 0 0 1 0 1 0 
Thu Aug 09 2018 18:15:56 -1.06884 -18.5983 -1.5466 -1.5836 -8.7687 62.3371 0 0 0 0 0 0 0 1 0 1 0 
Thu Aug 09 2018 18:16:00 -1.09607 -18.3596 -1.54633 -1.5494 -8.7918 59.2689 0 0 0 0 0 0 0 1 0 1 0 
Thu Aug 09 2018 18:16:04 -0.910137 -18.0923 -1.54635 -1.51521 -8.7096 56.2017 0 0 0 0 0 0 0 1 0 1 0 
Thu Aug 09 2018 18:16:08 -1.03541 -17.7962 -1.54667 -1.48131 -8.5227 53.1394 0 0 0 0 0 0 0 1 0 1 0 
Thu Aug 09 2018 18:16:12 0.0745296 -17.4716 -1.54729 -1.44751 -8.2317 50.0855 0 0 0 0 0 0 0 1 0 1 0 
Thu Aug 09 2018 18:16:19 0.627567 -16.8198 -1.54886 -1.39752 -7.5783 45.3722 0 0 0 0 0 0 0 1 0 1 0 
Thu Aug 09 2018 18:16:25 0.787963 -16.8219 -1.55026 -1.34823 -7.0298 42.3082 0 0 0 0 0 0 0 1 0 1 0 
Thu Aug 09 2018 18:16:26 0.766102 -17.0035 -1.5501 -1.33183 -7.0922 42.5504 0 0 0 0 0 0 0 1 0 1 0 
Thu Aug 09 2018 18:16:30 0.321896 -17.046 -1.54887 -1.29893 -7.5513 44.2923 0 0 0 0 0 0 0 1 0 1 0 
Thu Aug 09 2018 18:16:34 -0.34147 -16.5972 -1.54667 -1.26794 -8.374 47.0952 0 0 0 0 0 0 0 1 0 1 0 
Thu Aug 09 2018 18:16:38 -0.607717 -15.7535 -1.54375 -1.23714 -9.4815 50.4933 0 0 0 0 0 0 0 1 0 1 0 
Thu Aug 09 2018 18:16:42 -0.664567 -14.6336 -1.54026 -1.20634 -10.8205 54.2164 0 0 0 0 0 0 0 1 0 1 0 
Thu Aug 09 2018 18:16:46 -0.165612 -13.3276 -1.53631 -1.17565 -12.3547 58.1067 0 0 0 0 0 0 0 1 0 1 0 
Thu Aug 09 2018 18:16:50 0.288553 -11.8958 -1.53198 -1.14485 -14.0596 62.0708 0 0 0 0 0 0 0 1 0 1 0 
Thu Aug 09 2018 18:16:54 0.269623 -10.376 -1.52734 -1.11406 -15.9184 66.0528 0 0 0 0 0 0 0 1 0 1 0 
Thu Aug 09 2018 18:16:58 0.253292 -8.7918 -1.52241 -1.08326 -17.9193 70.0181 0 0 0 0 0 0 0 1 0 1 0 
Thu Aug 09 2018 18:17:02 0.251936 -7.1572 -1.51722 -1.05246 -20.0542 73.945 0 0 0 0 0 0 0 1 0 1 0 
Thu Aug 09 2018 18:17:06 0.251045 -5.4809 -1.5118 -1.02167 -22.3169 77.8194 0 0 0 0 0 0 0 1 0 1 0 
Thu Aug 09 2018 18:17:10 0.249143 -3.7678 -1.50616 -0.99087 -24.7027 81.6314 0 0 0 0 0 0 0 1 0 1 0 
Thu Aug 09 2018 18:17:14 0.247817 -2.0211 -1.50031 -0.96017 -27.2076 85.3737 0 0 0 0 0 0 0 1 0 1 0 
Thu Aug 09 2018 18:17:18 0.247114 -0.2426 -1.49427 -0.92938 -29.8282 89.0407 0 0 0 0 0 0 0 1 0 1 0 
Thu Aug 09 2018 18:17:22 0.24574 1.5666 -1.48805 -0.89858 -32.5615 92.6278 0 0 0 0 0 0 0 1 0 1 0 
Thu Aug 09 2018 18:17:27 0.243972 2.2342 -1.48574 -0.88228 -33.587 93.9264 0 0 0 0 0 0 0 1 0 1 0 
Thu Aug 09 2018 18:17:29 0.244066 1.6717 -1.4882 -0.87479 -32.5012 92.5952 0 0 0 0 0 0 0 1 0 1 0 
Thu Aug 09 2018 18:17:32 0.242112 0.2988 -1.49385 -0.86069 -30.0398 89.6447 0 0 0 0 0 0 0 1 0 1 0 
Thu Aug 09 2018 18:17:36 0.240635 -1.2896 -1.50012 -0.84899 -27.3622 86.519 0 0 0 0 0 0 0 1 0 1 0 
