Wed Aug 01 2018 21:53:15 0 0 -1.5708 0.006699 0 0 0 0 0 0 0 0 0 1 0 1 0 
Wed Aug 01 2018 21:53:15 0 0 -1.5708 0.006699 0 0 0 0 0 0 0 0 0 1 0 1 0 
Wed Aug 01 2018 21:53:15 0 0 -1.5708 0.006699 0 0 0 0 0 0 0 0 0 1 0 1 0 
Wed Aug 01 2018 21:53:15 0 0 -1.5708 0.006699 0 0 0 0 0 0 0 0 0 1 0 1 0 
Wed Aug 01 2018 21:53:31 0 0 -1.5708 0.006699 0 0 0 0 0 0 0 0 0 1 0 1 0 
Wed Aug 01 2018 21:53:31 0 0 -1.5708 0.006699 0 0 0 0 0 0 0 0 0 1 0 1 0 
Wed Aug 01 2018 21:53:31 0 0 -1.5708 0.006699 0 0 0 0 0 0 0 0 0 1 0 1 0 
Wed Aug 01 2018 21:53:31 0 0 -1.5708 0.006699 0 0 0 0 0 0 0 0 0 1 0 1 0 
Wed Aug 01 2018 21:53:31 0 0 -1.5708 0.006699 0 0 0 0 0 0 0 0 0 1 0 1 0 
Wed Aug 01 2018 21:53:31 -0.1393 -0.018 -1.5713 0.002099 0.1501 -0.0005 0 0 0 0 0 0 0 1 0 1 0 
Wed Aug 01 2018 21:53:44 -0.6442 -3.9699 -1.59894 -0.01629 8.4408 -0.1319 0 0 0 0 0 0 0 1 0 1 0 
Wed Aug 01 2018 21:53:44 -0.7085 -6.1345 -1.61023 -0.02079 11.8283 -0.2177 0 0 0 0 0 0 0 1 0 1 0 
Wed Aug 01 2018 21:53:44 -0.7581 -8.6325 -1.62242 -0.02539 15.485 -0.3273 0 0 0 0 0 0 0 1 0 1 0 
Wed Aug 01 2018 21:53:44 -0.7963 -11.3927 -1.63527 -0.02999 19.3394 -0.4605 0 0 0 0 0 0 0 1 0 1 0 
Wed Aug 01 2018 21:53:56 -0.8661 -20.7288 -1.67622 -0.04379 31.6392 -1.0003 0 0 0 0 0 0 0 1 0 1 0 
Wed Aug 01 2018 21:53:56 -0.8796 -24.073 -1.69035 -0.04839 35.8904 -1.226 0 0 0 0 0 0 0 1 0 1 0 
Wed Aug 01 2018 21:53:56 -0.89 -27.493 -1.70461 -0.05299 40.1872 -1.474 0 0 0 0 0 0 0 1 0 1 0 
Wed Aug 01 2018 21:54:10 -0.909 -38.0662 -1.74783 -0.06669 53.252 -2.3495 0 0 0 0 0 0 0 1 0 1 0 
Wed Aug 01 2018 21:54:10 -0.9127 -41.6631 -1.7623 -0.07129 57.6427 -2.6845 0 0 0 0 0 0 0 1 0 1 0 
Wed Aug 01 2018 21:54:10 -0.9155 -45.2855 -1.77676 -0.07589 62.044 -3.0408 0 0 0 0 0 0 0 1 0 1 0 
Wed Aug 01 2018 21:54:10 -0.9177 -48.9293 -1.79122 -0.08048 66.4529 -3.4183 0 0 0 0 0 0 0 1 0 1 0 
Wed Aug 01 2018 21:54:10 -0.6393 -48.2224 -1.78691 -0.08638 65.1395 -3.2986 0 0 0 0 0 0 0 1 0 1 0 
Wed Aug 01 2018 21:54:10 -0.2925 -47.0525 -1.77756 -0.09218 62.2941 -3.0277 0 0 0 0 0 0 0 1 0 1 0 
Wed Aug 01 2018 21:54:27 0.4934 -45.979 -1.78421 -0.11558 64.301 -3.2963 0 0 0 0 0 0 0 1 0 1 0 
Wed Aug 01 2018 21:54:27 0.5921 -44.664 -1.79309 -0.12138 66.9852 -3.6369 0 0 0 0 0 0 0 1 0 1 0 
Wed Aug 01 2018 21:54:27 0.6683 -42.8796 -1.80343 -0.12728 70.1177 -4.0525 0 0 0 0 0 0 0 1 0 1 0 
Wed Aug 01 2018 21:54:27 0.727 -40.7092 -1.81485 -0.13308 73.5757 -4.5316 0 0 0 0 0 0 0 1 0 1 0 
Wed Aug 01 2018 21:54:27 0.7724 -38.2312 -1.82703 -0.14018 77.2705 -5.0679 0 0 0 0 0 0 0 1 0 1 0 
Wed Aug 01 2018 21:54:44 0.8713 -26.3859 -1.88001 -0.16857 93.3766 -7.7023 0 0 0 0 0 0 0 1 0 1 0 
Wed Aug 01 2018 21:54:44 0.8837 -23.1302 -1.8938 -0.17567 97.5831 -8.4666 0 0 0 0 0 0 0 1 0 1 0 
Wed Aug 01 2018 21:54:44 0.8932 -19.8046 -1.90769 -0.18277 101.826 -9.2689 0 0 0 0 0 0 0 1 0 1 0 
Wed Aug 01 2018 21:54:44 0.9006 -16.4235 -1.92164 -0.18977 106.095 -10.1077 0 0 0 0 0 0 0 1 0 1 0 
Wed Aug 01 2018 21:54:44 0.5584 -13.5841 -1.9348 -0.19817 110.131 -10.9329 0 0 0 0 0 0 0 1 0 1 0 
Wed Aug 01 2018 21:54:56 -0.6921 -10.5492 -1.93108 -0.23157 109.017 -10.6217 0 0 0 0 0 0 0 1 0 1 0 
Wed Aug 01 2018 21:54:56 -0.8513 -7.9703 -1.91937 -0.23986 105.48 -9.7518 0 0 0 0 0 0 0 1 0 1 0 
Wed Aug 01 2018 21:54:56 -0.9741 -4.567 -1.90566 -0.24826 101.362 -8.7021 0 0 0 0 0 0 0 1 0 1 0 
Wed Aug 01 2018 21:54:56 -1.0688 -0.5556 -1.89061 -0.25656 96.8659 -7.5157 0 0 0 0 0 0 0 1 0 1 0 
Wed Aug 01 2018 21:55:08 -1.2417 0 -1.84122 -0.28166 82.225 -3.3887 0 0 0 0 0 0 0 1 0 1 0 
Wed Aug 01 2018 21:55:08 -1.2752 0 -1.82405 -0.28996 77.1599 -1.8708 0 0 0 0 0 0 0 1 0 1 0 
Wed Aug 01 2018 21:55:08 -1.3011 0 -1.80674 -0.29836 72.0547 -0.2946 0 0 0 0 0 0 0 1 0 1 0 
Wed Aug 01 2018 21:55:18 -1.3484 0 -1.75455 -0.32335 56.6381 4.7464 0 0 0 0 0 0 0 1 0 1 0 
Wed Aug 01 2018 21:55:18 -1.3576 0 -1.73723 -0.33175 51.4926 6.5234 0 0 0 0 0 0 0 1 0 1 0 
Wed Aug 01 2018 21:55:18 -1.3646 0 -1.72 -0.34005 46.352 8.3466 0 0 0 0 0 0 0 1 0 1 0 
Wed Aug 01 2018 21:55:18 -1.3701 0 -1.7029 -0.34845 41.2191 10.2149 0 0 0 0 0 0 0 1 0 1 0 
Wed Aug 01 2018 21:55:30 -1.3801 0 -1.65251 -0.37345 25.8874 16.0845 0 0 0 0 0 0 0 1 0 1 0 
Wed Aug 01 2018 21:55:30 -1.382 0 -1.6361 -0.38185 20.8039 18.1277 0 0 0 0 0 0 0 1 0 1 0 
Wed Aug 01 2018 21:55:30 -1.3836 0 -1.6199 -0.39015 15.7356 20.2136 0 0 0 0 0 0 0 1 0 1 0 
Wed Aug 01 2018 21:55:40 -1.3863 0 -1.57272 -0.41524 0.6295 26.7251 0 0 0 0 0 0 0 1 0 1 0 
Wed Aug 01 2018 21:55:40 -1.3869 0 -1.55751 -0.42354 -4.371 28.9793 0 0 0 0 0 0 0 1 0 1 0 
Wed Aug 01 2018 21:55:40 -1.3873 0 -1.54257 -0.43194 -9.3531 31.275 0 0 0 0 0 0 0 1 0 1 0 
Wed Aug 01 2018 21:55:40 -1.3876 0 -1.52791 -0.44024 -14.3164 33.6121 0 0 0 0 0 0 0 1 0 1 0 
Wed Aug 01 2018 21:55:52 -1.3883 0 -1.48566 -0.46534 -29.0896 40.8693 0 0 0 0 0 0 0 1 0 1 0 
Wed Aug 01 2018 21:55:52 -1.3884 0 -1.47218 -0.47364 -33.9737 43.3697 0 0 0 0 0 0 0 1 0 1 0 
Wed Aug 01 2018 21:55:52 -1.3885 0 -1.45899 -0.48203 -38.8371 45.9106 0 0 0 0 0 0 0 1 0 1 0 
Wed Aug 01 2018 21:56:02 -1.3887 0 -1.42126 -0.50703 -53.2993 53.7737 0 0 0 0 0 0 0 1 0 1 0 
Wed Aug 01 2018 21:56:02 -1.3888 0 -1.4093 -0.51543 -58.0762 56.4744 0 0 0 0 0 0 0 1 0 1 0 
Wed Aug 01 2018 21:56:02 -1.3888 0 -1.39764 -0.52383 -62.8307 59.2145 0 0 0 0 0 0 0 1 0 1 0 
Wed Aug 01 2018 21:56:02 -1.3889 0 -1.38628 -0.53213 -67.5623 61.9938 0 0 0 0 0 0 0 1 0 1 0 
Wed Aug 01 2018 21:56:14 -1.389 0 -1.35401 -0.55723 -81.617 70.5658 0 0 0 0 0 0 0 1 0 1 0 
Wed Aug 01 2018 21:56:14 -1.389 0 -1.34384 -0.56552 -86.2542 73.5004 0 0 0 0 0 0 0 1 0 1 0 
Wed Aug 01 2018 21:56:14 -1.389 0 -1.33396 -0.57392 -90.8668 76.4734 0 0 0 0 0 0 0 1 0 1 0 
Wed Aug 01 2018 21:56:24 -1.3891 0 -1.30603 -0.59902 -104.555 85.6201 0 0 0 0 0 0 0 1 0 1 0 
Wed Aug 01 2018 21:56:24 -1.3891 0 -1.29727 -0.60732 -109.067 88.7442 0 0 0 0 0 0 0 1 0 1 0 
Wed Aug 01 2018 21:56:24 -1.3892 0 -1.28877 -0.61572 -113.553 91.9057 0 0 0 0 0 0 0 1 0 1 0 
Wed Aug 01 2018 21:56:24 -1.3892 0 -1.28055 -0.62402 -118.012 95.1042 0 0 0 0 0 0 0 1 0 1 0 
Wed Aug 01 2018 21:56:36 -1.3892 0 -1.25739 -0.64911 -131.229 104.92 0 0 0 0 0 0 0 1 0 1 0 
Wed Aug 01 2018 21:56:36 -1.3893 0 -1.25017 -0.65751 -135.58 108.265 0 0 0 0 0 0 0 1 0 1 0 
Wed Aug 01 2018 21:56:36 -1.3893 0 -1.24318 -0.66581 -139.904 111.645 0 0 0 0 0 0 0 1 0 1 0 
Wed Aug 01 2018 21:56:46 -1.3894 0 -1.2236 -0.69091 -152.703 122 0 0 0 0 0 0 0 1 0 1 0 
Wed Aug 01 2018 21:56:46 -1.3894 0 -1.21751 -0.69931 -156.912 125.522 0 0 0 0 0 0 0 1 0 1 0 
Wed Aug 01 2018 21:56:46 -1.3894 0 -1.21164 -0.70761 -161.092 129.079 0 0 0 0 0 0 0 1 0 1 0 
Wed Aug 01 2018 21:56:46 -1.3894 0 -1.20598 -0.71601 -165.242 132.67 0 0 0 0 0 0 0 1 0 1 0 
Wed Aug 01 2018 21:56:58 -1.3895 0 -1.19019 -0.7411 -177.511 143.649 0 0 0 0 0 0 0 1 0 1 0 
Wed Aug 01 2018 21:56:58 -1.3895 0 -1.18531 -0.7494 -181.54 147.376 0 0 0 0 0 0 0 1 0 1 0 
Wed Aug 01 2018 21:56:58 -1.3895 0 -1.18062 -0.7578 -185.537 151.136 0 0 0 0 0 0 0 1 0 1 0 
Wed Aug 01 2018 21:57:08 -1.3896 0 -1.16759 -0.7829 -197.341 162.614 0 0 0 0 0 0 0 1 0 1 0 
Wed Aug 01 2018 21:57:08 -1.3896 0 -1.16359 -0.7912 -201.212 166.505 0 0 0 0 0 0 0 1 0 1 0 
Wed Aug 01 2018 21:57:08 -1.3896 0 -1.15975 -0.79959 -205.051 170.428 0 0 0 0 0 0 0 1 0 1 0 
Wed Aug 01 2018 21:57:08 -1.3897 0 -1.15606 -0.80799 -208.856 174.383 0 0 0 0 0 0 0 1 0 1 0 
Wed Aug 01 2018 21:57:20 -1.3897 0 -1.14593 -0.83299 -220.075 186.434 0 0 0 0 0 0 0 1 0 1 0 
Wed Aug 01 2018 21:57:20 -1.3897 0 -1.14284 -0.84139 -223.748 190.513 0 0 0 0 0 0 0 1 0 1 0 
Wed Aug 01 2018 21:57:20 -1.3898 0 -1.13989 -0.84979 -227.386 194.622 0 0 0 0 0 0 0 1 0 1 0 
Wed Aug 01 2018 21:57:30 -1.3898 0 -1.13185 -0.87489 -238.096 207.129 0 0 0 0 0 0 0 1 0 1 0 
Wed Aug 01 2018 21:57:30 -1.3899 0 -1.12942 -0.88318 -241.596 211.356 0 0 0 0 0 0 0 1 0 1 0 
Wed Aug 01 2018 21:57:30 -1.3899 0 -1.12712 -0.89158 -245.061 215.613 0 0 0 0 0 0 0 1 0 1 0 
Wed Aug 01 2018 21:57:30 -1.3899 0 -1.12494 -0.89998 -248.491 219.898 0 0 0 0 0 0 0 1 0 1 0 
Wed Aug 01 2018 21:57:42 -1.39 0 -1.11907 -0.92498 -258.565 232.923 0 0 0 0 0 0 0 1 0 1 0 
Wed Aug 01 2018 21:57:42 -1.39 0 -1.11734 -0.93338 -261.85 237.32 0 0 0 0 0 0 0 1 0 1 0 
Wed Aug 01 2018 21:57:42 -1.39 0 -1.11571 -0.94178 -265.099 241.743 0 0 0 0 0 0 0 1 0 1 0 
Wed Aug 01 2018 21:57:52 -1.3901 0 -1.11143 -0.96687 -274.625 255.175 0 0 0 0 0 0 0 1 0 1 0 
Wed Aug 01 2018 21:57:52 -1.3901 0 -1.11019 -0.97517 -277.725 259.704 0 0 0 0 0 0 0 1 0 1 0 
Wed Aug 01 2018 21:57:52 -1.3901 0 -1.10905 -0.98357 -280.788 264.259 0 0 0 0 0 0 0 1 0 1 0 
Wed Aug 01 2018 21:57:52 -1.3901 0 -1.108 -0.99197 -283.812 268.84 0 0 0 0 0 0 0 1 0 1 0 
Wed Aug 01 2018 21:58:04 -1.3902 0 -1.10538 -1.01707 -292.657 282.729 0 0 0 0 0 0 0 1 0 1 0 
Wed Aug 01 2018 21:58:04 -1.3902 0 -1.10467 -1.02537 -295.528 287.408 0 0 0 0 0 0 0 1 0 1 0 
Wed Aug 01 2018 21:58:04 -1.3902 0 -1.10404 -1.03377 -298.36 292.11 0 0 0 0 0 0 0 1 0 1 0 
Wed Aug 01 2018 21:58:14 -1.3903 0 -1.10262 -1.05886 -306.621 306.355 0 0 0 0 0 0 0 1 0 1 0 
Wed Aug 01 2018 21:58:14 -1.3903 0 -1.10229 -1.06726 -309.295 311.149 0 0 0 0 0 0 0 1 0 1 0 
Wed Aug 01 2018 21:58:14 -1.3904 0 -1.10204 -1.07566 -311.929 315.964 0 0 0 0 0 0 0 1 0 1 0 
Wed Aug 01 2018 21:58:14 -1.3904 0 -1.10185 -1.08396 -314.524 320.802 0 0 0 0 0 0 0 1 0 1 0 
Wed Aug 01 2018 21:58:26 -1.3904 0 -1.10169 -1.10906 -322.064 335.441 0 0 0 0 0 0 0 1 0 1 0 
Wed Aug 01 2018 21:58:26 -1.3905 0 -1.10177 -1.11746 -324.497 340.362 0 0 0 0 0 0 0 1 0 1 0 
Wed Aug 01 2018 21:58:26 -1.3905 0 -1.10191 -1.12585 -326.888 345.303 0 0 0 0 0 0 0 1 0 1 0 
Wed Aug 01 2018 21:58:36 -1.3906 0 -1.10269 -1.15095 -333.814 360.244 0 0 0 0 0 0 0 1 0 1 0 
Wed Aug 01 2018 21:58:36 -1.3906 0 -1.10306 -1.15925 -336.04 365.262 0 0 0 0 0 0 0 1 0 1 0 
Wed Aug 01 2018 21:58:36 -1.3906 0 -1.10349 -1.16765 -338.224 370.298 0 0 0 0 0 0 0 1 0 1 0 
Wed Aug 01 2018 21:58:36 -1.3906 0 -1.10397 -1.17605 -340.366 375.353 0 0 0 0 0 0 0 1 0 1 0 
Wed Aug 01 2018 21:58:48 -1.3907 0 -1.10573 -1.20114 -346.539 390.62 0 0 0 0 0 0 0 1 0 1 0 
Wed Aug 01 2018 22:01:51 0 0 -1.5708 0.006699 0 0 0 0 0 0 0 0 0 1 0 1 0 
Wed Aug 01 2018 22:01:51 0 0 -1.5708 0.006699 0 0 0 0 0 0 0 0 0 1 0 1 0 
Wed Aug 01 2018 22:01:51 0 0 -1.5708 0.006699 0 0 0 0 0 0 0 0 0 1 0 1 0 
Wed Aug 01 2018 22:02:05 0 0 -1.5708 0.006699 0 0 0 0 0 0 0 0 0 1 0 1 0 
Wed Aug 01 2018 22:02:05 0 0 -1.5708 0.006699 0 0 0 0 0 0 0 0 0 1 0 1 0 
Wed Aug 01 2018 22:02:05 0 0 -1.5708 0.006699 0 0 0 0 0 0 0 0 0 1 0 1 0 
Wed Aug 01 2018 22:02:05 0 0 -1.5708 0.006699 0 0 0 0 0 0 0 0 0 1 0 1 0 
Wed Aug 01 2018 22:02:05 0 0 -1.5708 0.006699 0 0 0 0 0 0 0 0 0 1 0 1 0 
Wed Aug 01 2018 22:02:22 -0.5609 -2.2202 -1.58887 -0.01169 5.4218 -0.0692 0 0 0 0 0 0 0 1 0 1 0 
Wed Aug 01 2018 22:02:22 -0.6442 -3.9699 -1.59894 -0.01629 8.4408 -0.1319 0 0 0 0 0 0 0 1 0 1 0 
Wed Aug 01 2018 22:02:22 -0.7085 -6.1345 -1.61023 -0.02079 11.8283 -0.2177 0 0 0 0 0 0 0 1 0 1 0 
Wed Aug 01 2018 22:02:22 -0.7581 -8.6325 -1.62242 -0.02539 15.485 -0.3273 0 0 0 0 0 0 0 1 0 1 0 
Wed Aug 01 2018 22:02:22 -0.7963 -11.3927 -1.63527 -0.02999 19.3394 -0.4605 0 0 0 0 0 0 0 1 0 1 0 
Wed Aug 01 2018 22:02:22 -0.8258 -14.3574 -1.6486 -0.03539 23.3398 -0.619 0 0 0 0 0 0 0 1 0 1 0 
Wed Aug 01 2018 22:02:35 -0.89 -27.493 -1.70462 -0.05709 40.1848 -1.5184 0 0 0 0 0 0 0 1 0 1 0 
Wed Aug 01 2018 22:02:35 -0.898 -30.9729 -1.71898 -0.06259 44.5148 -1.8085 0 0 0 0 0 0 0 1 0 1 0 
Wed Aug 01 2018 22:02:35 -0.9042 -34.5004 -1.73341 -0.06799 48.8702 -2.1243 0 0 0 0 0 0 0 1 0 1 0 
Wed Aug 01 2018 22:02:35 -0.909 -38.0662 -1.74787 -0.07339 53.2445 -2.4654 0 0 0 0 0 0 0 1 0 1 0 
Wed Aug 01 2018 22:02:51 -0.9177 -48.9293 -1.79133 -0.08968 66.4365 -3.6397 0 0 0 0 0 0 0 1 0 1 0 
Wed Aug 01 2018 22:02:51 -0.9194 -52.5911 -1.80579 -0.09508 70.8466 -4.0808 0 0 0 0 0 0 0 1 0 1 0 
Wed Aug 01 2018 22:02:51 -0.9207 -56.2684 -1.82022 -0.10048 75.2598 -4.5467 0 0 0 0 0 0 0 1 0 1 0 
Wed Aug 01 2018 22:02:51 -0.9217 -59.9593 -1.83462 -0.10598 79.6745 -5.0371 0 0 0 0 0 0 0 1 0 1 0 
Wed Aug 01 2018 22:02:51 -0.6424 -59.2683 -1.83033 -0.11308 78.3608 -4.883 0 0 0 0 0 0 0 1 0 1 0 
Wed Aug 01 2018 22:03:07 0.3644 -57.879 -1.82074 -0.14138 75.4218 -4.5527 0 0 0 0 0 0 0 1 0 1 0 
Wed Aug 01 2018 22:03:07 0.4926 -57.1239 -1.82751 -0.14848 77.4736 -4.8702 0 0 0 0 0 0 0 1 0 1 0 
Wed Aug 01 2018 22:03:07 0.5915 -55.834 -1.83632 -0.15558 80.1411 -5.3011 0 0 0 0 0 0 0 1 0 1 0 
Wed Aug 01 2018 22:03:07 0.6678 -54.074 -1.84659 -0.16267 83.2544 -5.8262 0 0 0 0 0 0 0 1 0 1 0 
Wed Aug 01 2018 22:03:07 0.7267 -51.9273 -1.85794 -0.17107 86.6905 -6.4327 0 0 0 0 0 0 0 1 0 1 0 
Wed Aug 01 2018 22:03:23 0.8551 -40.8613 -1.90915 -0.20447 102.219 -9.5145 0 0 0 0 0 0 0 1 0 1 0 
Wed Aug 01 2018 22:03:23 0.8712 -37.7166 -1.92273 -0.21277 106.339 -10.4207 0 0 0 0 0 0 0 1 0 1 0 
Wed Aug 01 2018 22:03:23 0.8836 -34.4827 -1.93645 -0.22107 110.507 -11.3741 0 0 0 0 0 0 0 1 0 1 0 
Wed Aug 01 2018 22:03:23 0.8932 -31.1787 -1.95027 -0.22947 114.708 -12.3723 0 0 0 0 0 0 0 1 0 1 0 
Wed Aug 01 2018 22:03:23 0.5527 -28.4052 -1.96334 -0.23907 118.681 -13.354 0 0 0 0 0 0 0 1 0 1 0 
Wed Aug 01 2018 22:03:39 -0.694 -25.4854 -1.95937 -0.27746 117.507 -12.9672 0 0 0 0 0 0 0 1 0 1 0 
Wed Aug 01 2018 22:03:39 -0.8528 -22.9252 -1.94765 -0.28706 114.007 -11.9325 0 0 0 0 0 0 0 1 0 1 0 
Wed Aug 01 2018 22:03:39 -0.9752 -19.5433 -1.93394 -0.29666 109.939 -10.6868 0 0 0 0 0 0 0 1 0 1 0 
Wed Aug 01 2018 22:03:39 -1.0696 -15.5554 -1.91892 -0.30626 105.503 -9.2815 0 0 0 0 0 0 0 1 0 1 0 
Wed Aug 01 2018 22:03:39 -1.1425 -11.138 -1.90302 -0.31706 100.831 -7.7492 0 0 0 0 0 0 0 1 0 1 0 
Wed Aug 01 2018 22:03:39 -1.1987 -6.4205 -1.88656 -0.32795 96.0108 -6.1102 0 0 0 0 0 0 0 1 0 1 0 
Wed Aug 01 2018 22:03:53 -1.3212 0 -1.81826 -0.37135 76.1121 1.2621 0 0 0 0 0 0 0 1 0 1 0 
Wed Aug 01 2018 22:03:53 -1.3366 0 -1.80105 -0.38225 71.0916 3.2764 0 0 0 0 0 0 0 1 0 1 0 
Wed Aug 01 2018 22:03:53 -1.3484 0 -1.7839 -0.39305 66.0749 5.3522 0 0 0 0 0 0 0 1 0 1 0 
Wed Aug 01 2018 22:04:07 -1.3701 0 -1.73316 -0.42564 51.0961 11.9307 0 0 0 0 0 0 0 1 0 1 0 
Wed Aug 01 2018 22:04:07 -1.3743 0 -1.71658 -0.43644 46.1379 14.2367 0 0 0 0 0 0 0 1 0 1 0 
Wed Aug 01 2018 22:04:07 -1.3775 0 -1.7002 -0.44734 41.2007 16.5977 0 0 0 0 0 0 0 1 0 1 0 
Wed Aug 01 2018 22:04:07 -1.38 0 -1.68405 -0.45814 36.2861 19.0132 0 0 0 0 0 0 0 1 0 1 0 
Wed Aug 01 2018 22:04:07 -1.0319 0 -1.68921 -0.46944 37.8546 18.1892 0 0 0 0 0 0 0 1 0 1 0 
Wed Aug 01 2018 22:04:23 0.2245 0 -1.71276 -0.51453 44.9303 14.3687 0 0 0 0 0 0 0 1 0 1 0 
Wed Aug 01 2018 22:04:23 0.3845 0 -1.70878 -0.52583 43.7492 15.039 0 0 0 0 0 0 0 1 0 1 0 
Wed Aug 01 2018 22:04:23 0.5079 0 -1.70248 -0.53703 41.8729 16.1418 0 0 0 0 0 0 0 1 0 1 0 
Wed Aug 01 2018 22:04:23 0.6032 0 -1.69454 -0.54833 39.499 17.5777 0 0 0 0 0 0 0 1 0 1 0 
Wed Aug 01 2018 22:04:23 0.6264 0 -1.68559 -0.55793 36.8086 19.2458 0 0 0 0 0 0 0 1 0 1 0 
Wed Aug 01 2018 22:04:23 0.6205 0 -1.6765 -0.56752 34.0563 20.9892 0 0 0 0 0 0 0 1 0 1 0 
Wed Aug 01 2018 22:04:41 0.6023 0 -1.64199 -0.60592 23.3976 28.1007 0 0 0 0 0 0 0 1 0 1 0 
Wed Aug 01 2018 22:04:41 0.6 0 -1.6338 -0.61552 20.8119 29.9167 0 0 0 0 0 0 0 1 0 1 0 
Wed Aug 01 2018 22:04:41 0.5982 0 -1.62576 -0.62522 18.2521 31.7514 0 0 0 0 0 0 0 1 0 1 0 
Wed Aug 01 2018 22:04:41 0.5969 0 -1.61787 -0.63482 15.7162 33.6058 0 0 0 0 0 0 0 1 0 1 0 
Wed Aug 01 2018 22:04:41 0.298 0 -1.61082 -0.64641 13.4261 35.3149 0 0 0 0 0 0 0 1 0 1 0 
Wed Aug 01 2018 22:04:57 -0.7852 0 -1.62226 -0.69321 17.1076 32.1499 0 0 0 0 0 0 0 1 0 1 0 
Wed Aug 01 2018 22:04:57 -0.923 0 -1.63186 -0.70491 20.1468 29.5359 0 0 0 0 0 0 0 1 0 1 0 
Wed Aug 01 2018 22:04:57 -1.0294 0 -1.64269 -0.71661 23.5189 26.5691 0 0 0 0 0 0 0 1 0 1 0 
Wed Aug 01 2018 22:04:57 -1.1114 0 -1.65439 -0.7283 27.093 23.3509 0 0 0 0 0 0 0 1 0 1 0 
Wed Aug 01 2018 22:04:57 -1.1746 0 -1.66671 -0.7404 30.7834 19.9482 0 0 0 0 0 0 0 1 0 1 0 
Wed Aug 01 2018 22:05:13 -1.3124 -8.2578 -1.71992 -0.7888 45.8511 5.1787 0 0 0 0 0 0 0 1 0 1 0 
Wed Aug 01 2018 22:05:13 -1.3297 -13.5914 -1.73393 -0.80089 49.5896 1.2854 0 0 0 0 0 0 0 1 0 1 0 
Wed Aug 01 2018 22:05:13 -1.343 -18.974 -1.74816 -0.81309 53.2961 -2.6699 0 0 0 0 0 0 0 1 0 1 0 
Wed Aug 01 2018 22:05:13 -1.3532 -24.3945 -1.76262 -0.82519 56.9652 -6.6825 0 0 0 0 0 0 0 1 0 1 0 
Wed Aug 01 2018 22:05:13 -1.0111 -29.5003 -1.77698 -0.83769 60.5175 -10.6657 0 0 0 0 0 0 0 1 0 1 0 
Wed Aug 01 2018 22:05:29 0.2323 -34.5692 -1.79869 -0.88778 65.6879 -16.7738 0 0 0 0 0 0 0 1 0 1 0 
Wed Aug 01 2018 22:05:29 0.3907 -35.1762 -1.79489 -0.90028 64.8012 -15.6913 0 0 0 0 0 0 0 1 0 1 0 
Wed Aug 01 2018 22:05:29 0.5129 -36.3204 -1.78903 -0.91288 63.4339 -13.9582 0 0 0 0 0 0 0 1 0 1 0 
Wed Aug 01 2018 22:05:29 0.6072 -37.9912 -1.78177 -0.92538 61.7334 -11.7365 0 0 0 0 0 0 0 1 0 1 0 
Wed Aug 01 2018 22:05:29 0.68 -40.1174 -1.7736 -0.93788 59.8068 -9.1473 0 0 0 0 0 0 0 1 0 1 0 
Wed Aug 01 2018 22:05:46 0.8387 -31.6304 -1.80552 -0.99137 66.9735 -19.927 0 0 0 0 0 0 0 1 0 1 0 
Wed Aug 01 2018 22:05:46 0.8587 -28.663 -1.81593 -1.00477 69.1827 -23.4522 0 0 0 0 0 0 0 1 0 1 0 
Wed Aug 01 2018 22:05:46 0.874 -25.5865 -1.8266 -1.01807 71.3815 -27.0672 0 0 0 0 0 0 0 1 0 1 0 
Wed Aug 01 2018 22:05:46 0.8859 -22.4248 -1.8375 -1.03147 73.5591 -30.7575 0 0 0 0 0 0 0 1 0 1 0 
Wed Aug 01 2018 22:05:46 0.895 -19.1959 -1.84859 -1.04476 75.7072 -34.512 0 0 0 0 0 0 0 1 0 1 0 
Wed Aug 01 2018 22:06:02 -0.4875 -15.3773 -1.86304 -1.09996 78.3866 -39.4571 0 0 0 0 0 0 0 1 0 1 0 
Wed Aug 01 2018 22:06:02 -0.6934 -13.9266 -1.85617 -1.11376 77.1549 -37.0116 0 0 0 0 0 0 0 1 0 1 0 
Wed Aug 01 2018 22:06:02 -0.8522 -11.4563 -1.84732 -1.12745 75.5665 -33.7285 0 0 0 0 0 0 0 1 0 1 0 
Wed Aug 01 2018 22:06:02 -0.9747 -8.1638 -1.83739 -1.14125 73.7707 -29.8734 0 0 0 0 0 0 0 1 0 1 0 
Wed Aug 01 2018 22:06:02 -1.0692 -4.2647 -1.82697 -1.15505 71.8664 -25.6289 0 0 0 0 0 0 0 1 0 1 0 
Wed Aug 01 2018 22:06:15 -1.2752 0 -1.78609 -1.21184 64.153 -6.6368 0 0 0 0 0 0 0 1 0 1 0 
Wed Aug 01 2018 22:06:15 -1.301 0 -1.77669 -1.22604 62.3169 -1.6193 0 0 0 0 0 0 0 1 0 1 0 
Wed Aug 01 2018 22:06:15 -1.3209 0 -1.76771 -1.24024 60.539 3.4601 0 0 0 0 0 0 0 1 0 1 0 
Wed Aug 01 2018 22:06:15 -1.3363 0 -1.75916 -1.25444 58.8242 8.5902 0 0 0 0 0 0 0 1 0 1 0 
Wed Aug 01 2018 22:06:30 -1.3643 0 -1.7361 -1.29703 54.0876 24.2134 0 0 0 0 0 0 0 1 0 1 0 
Wed Aug 01 2018 22:06:30 -1.3698 0 -1.72925 -1.31123 52.6506 29.483 0 0 0 0 0 0 0 1 0 1 0 
Wed Aug 01 2018 22:06:30 -1.374 0 -1.72281 -1.32543 51.2864 34.7781 0 0 0 0 0 0 0 1 0 1 0 
Wed Aug 01 2018 22:06:30 -1.3773 0 -1.71676 -1.33963 49.9959 40.0963 0 0 0 0 0 0 0 1 0 1 0 
Wed Aug 01 2018 22:06:30 -1.3798 0 -1.71108 -1.35393 48.7797 45.4355 0 0 0 0 0 0 0 1 0 1 0 
Wed Aug 01 2018 22:06:30 -1.0317 0 -1.71267 -1.36762 49.0903 43.6908 0 0 0 0 0 0 0 1 0 1 0 
Wed Aug 01 2018 22:06:47 0.2247 0 -1.71979 -1.42282 50.399 35.762 0 0 0 0 0 0 0 1 0 1 0 
Wed Aug 01 2018 22:06:47 0.3847 0 -1.71857 -1.43662 50.1805 37.1042 0 0 0 0 0 0 0 1 0 1 0 
Wed Aug 01 2018 22:06:47 0.5082 0 -1.71678 -1.45041 49.882 39.2617 0 0 0 0 0 0 0 1 0 1 0 
Wed Aug 01 2018 22:06:47 0.6035 0 -1.71467 -1.46421 49.5494 42.0175 0 0 0 0 0 0 0 1 0 1 0 
Wed Aug 01 2018 22:06:47 0.677 0 -1.7124 -1.47801 49.2142 45.2108 0 0 0 0 0 0 0 1 0 1 0 
Wed Aug 01 2018 22:07:03 0.8374 0 -1.70368 -1.5331 48.1815 60.4551 0 0 0 0 0 0 0 1 0 1 0 
Wed Aug 01 2018 22:07:03 0.8576 0 -1.70181 -1.5469 48.0429 64.6084 0 0 0 0 0 0 0 1 0 1 0 
Wed Aug 01 2018 22:07:03 0.8731 0 -1.7001 -1.5607 47.9606 68.8352 0 0 0 0 0 0 0 1 0 1 0 
Wed Aug 01 2018 22:07:03 0.8851 0 -1.69857 -1.5745 47.9363 73.117 0 0 0 0 0 0 0 1 0 1 0 
Wed Aug 01 2018 22:07:03 0.5465 0 -1.69729 -1.5883 47.966 77.1802 0 0 0 0 0 0 0 1 0 1 0 
Wed Aug 01 2018 22:07:20 -0.6961 0 -1.69678 -1.64339 47.6072 75.8781 0 0 0 0 0 0 0 1 0 1 0 
Wed Aug 01 2018 22:07:20 -0.8542 0 -1.69706 -1.65719 47.2503 72.2372 0 0 0 0 0 0 0 1 0 1 0 
Wed Aug 01 2018 22:07:20 -0.9763 0 -1.69724 -1.67099 46.7829 68.0027 0 0 0 0 0 0 0 1 0 1 0 
Wed Aug 01 2018 22:07:20 -1.0704 0 -1.69729 -1.68478 46.2119 63.381 0 0 0 0 0 0 0 1 0 1 0 
Wed Aug 01 2018 22:07:20 -1.1429 0 -1.69716 -1.69858 45.5436 58.5081 0 0 0 0 0 0 0 1 0 1 0 
Wed Aug 01 2018 22:07:20 -1.1989 0 -1.69682 -1.71238 44.7831 53.4729 0 0 0 0 0 0 0 1 0 1 0 
Wed Aug 01 2018 22:07:37 -1.3011 -5.7756 -1.69443 -1.75378 41.9862 37.882 0 0 0 0 0 0 0 1 0 1 0 
Wed Aug 01 2018 22:07:37 -1.3209 -11.1592 -1.69312 -1.76757 40.8905 32.613 0 0 0 0 0 0 0 1 0 1 0 
Wed Aug 01 2018 22:07:37 -1.3361 -16.5998 -1.69154 -1.78127 39.7159 27.3329 0 0 0 0 0 0 0 1 0 1 0 
Wed Aug 01 2018 22:07:37 -1.3479 -22.0838 -1.68967 -1.79507 38.4636 22.0505 0 0 0 0 0 0 0 1 0 1 0 
Wed Aug 01 2018 22:07:37 -1.357 -27.6014 -1.68749 -1.80887 37.1345 16.772 0 0 0 0 0 0 0 1 0 1 0 
Wed Aug 01 2018 22:07:37 -1.0139 -32.8045 -1.68505 -1.82227 35.7588 11.6094 0 0 0 0 0 0 0 1 0 1 0 
Wed Aug 01 2018 22:07:54 0.2315 -38.242 -1.68033 -1.87576 33.4243 3.921 0 0 0 0 0 0 0 1 0 1 0 
Wed Aug 01 2018 22:07:54 0.3901 -38.933 -1.68113 -1.88916 33.8173 5.2601 0 0 0 0 0 0 0 1 0 1 0 
Wed Aug 01 2018 22:07:54 0.5125 -40.1615 -1.68255 -1.90256 34.4918 7.3594 0 0 0 0 0 0 0 1 0 1 0 
Wed Aug 01 2018 22:07:54 0.607 -41.9169 -1.68448 -1.91586 35.3944 10.0061 0 0 0 0 0 0 0 1 0 1 0 
Wed Aug 01 2018 22:07:54 0.6799 -44.1284 -1.68682 -1.92925 36.4831 13.0433 0 0 0 0 0 0 0 1 0 1 0 
Wed Aug 01 2018 22:07:54 0.7361 -43.5286 -1.6856 -1.94225 35.9592 11.8481 0 0 0 0 0 0 0 1 0 1 0 
Wed Aug 01 2018 22:08:11 0.8588 -33.1043 -1.66986 -1.99405 29.5574 -2.5984 0 0 0 0 0 0 0 1 0 1 0 
Wed Aug 01 2018 22:08:11 0.8742 -30.1134 -1.66495 -2.00704 27.7237 -6.4125 0 0 0 0 0 0 0 1 0 1 0 
Wed Aug 01 2018 22:08:11 0.8861 -27.037 -1.65966 -2.01994 25.8171 -10.2508 0 0 0 0 0 0 0 1 0 1 0 
Wed Aug 01 2018 22:08:11 0.8952 -23.8933 -1.654 -2.03294 23.8425 -14.1004 0 0 0 0 0 0 0 1 0 1 0 
Wed Aug 01 2018 22:08:11 0.5543 -21.2824 -1.64831 -2.04544 21.9231 -17.7234 0 0 0 0 0 0 0 1 0 1 0 
Wed Aug 01 2018 22:08:28 -0.6931 -19.0557 -1.64982 -2.09563 22.4398 -16.6296 0 0 0 0 0 0 0 1 0 1 0 
Wed Aug 01 2018 22:08:28 -0.8519 -16.6732 -1.65529 -2.10823 24.2669 -13.474 0 0 0 0 0 0 0 1 0 1 0 
Wed Aug 01 2018 22:08:28 -0.9744 -13.4684 -1.6617 -2.12073 26.4499 -9.825 0 0 0 0 0 0 0 1 0 1 0 
Wed Aug 01 2018 22:08:28 -1.0689 -9.6569 -1.66871 -2.13333 28.8914 -5.8658 0 0 0 0 0 0 0 1 0 1 0 
Wed Aug 01 2018 22:08:28 -1.1418 -5.4153 -1.67609 -2.14583 31.5254 -1.7162 0 0 0 0 0 0 0 1 0 1 0 
Wed Aug 01 2018 22:08:28 -1.1981 -0.8733 -1.68371 -2.15792 34.307 2.5465 0 0 0 0 0 0 0 1 0 1 0 
Wed Aug 01 2018 22:08:41 -1.3206 0 -1.71494 -2.20642 46.4409 19.9513 0 0 0 0 0 0 0 1 0 1 0 
Wed Aug 01 2018 22:08:41 -1.336 0 -1.72277 -2.21862 49.6665 24.2932 0 0 0 0 0 0 0 1 0 1 0 
Wed Aug 01 2018 22:08:41 -1.3479 0 -1.73057 -2.23072 52.9562 28.6117 0 0 0 0 0 0 0 1 0 1 0 
Wed Aug 01 2018 22:08:55 -1.3695 0 -1.7538 -2.26711 63.1801 41.3815 0 0 0 0 0 0 0 1 0 1 0 
Wed Aug 01 2018 22:08:55 -1.3737 0 -1.76147 -2.27921 66.6994 45.5664 0 0 0 0 0 0 0 1 0 1 0 
Wed Aug 01 2018 22:08:55 -1.377 0 -1.7691 -2.29131 70.2717 49.712 0 0 0 0 0 0 0 1 0 1 0 
Wed Aug 01 2018 22:08:55 -1.3795 0 -1.77669 -2.30351 73.8959 53.8168 0 0 0 0 0 0 0 1 0 1 0 
Wed Aug 01 2018 22:08:55 -1.0314 0 -1.77401 -2.31481 72.6469 52.5591 0 0 0 0 0 0 0 1 0 1 0 
Wed Aug 01 2018 22:08:55 -0.5977 0 -1.76756 -2.3261 69.6691 49.4862 0 0 0 0 0 0 0 1 0 1 0 
Wed Aug 01 2018 22:09:13 0.385 0 -1.76349 -2.3712 67.8778 47.8941 0 0 0 0 0 0 0 1 0 1 0 
Wed Aug 01 2018 22:09:13 0.5085 0 -1.76691 -2.3825 69.4224 49.4321 0 0 0 0 0 0 0 1 0 1 0 
Wed Aug 01 2018 22:09:13 0.6037 0 -1.77134 -2.3938 71.4231 51.3586 0 0 0 0 0 0 0 1 0 1 0 
Wed Aug 01 2018 22:09:13 0.6773 0 -1.77649 -2.40509 73.768 53.5541 0 0 0 0 0 0 0 1 0 1 0 
Wed Aug 01 2018 22:09:13 0.6808 0 -1.78209 -2.41599 76.3415 55.9046 0 0 0 0 0 0 0 1 0 1 0 
Wed Aug 01 2018 22:09:29 0.6131 0 -1.80371 -2.45949 86.5199 64.7229 0 0 0 0 0 0 0 1 0 1 0 
Wed Aug 01 2018 22:09:29 0.6042 0 -1.80886 -2.47039 88.9974 66.7564 0 0 0 0 0 0 0 1 0 1 0 
Wed Aug 01 2018 22:09:29 0.5974 0 -1.81394 -2.48128 91.4659 68.7387 0 0 0 0 0 0 0 1 0 1 0 
Wed Aug 01 2018 22:09:29 0.5921 0 -1.81898 -2.49218 93.9315 70.6758 0 0 0 0 0 0 0 1 0 1 0 
Wed Aug 01 2018 22:09:29 0.293 0 -1.82353 -2.50218 96.1758 72.409 0 0 0 0 0 0 0 1 0 1 0 
Wed Aug 01 2018 22:09:45 -0.7867 0 -1.81454 -2.54238 91.9728 69.8308 0 0 0 0 0 0 0 1 0 1 0 
Wed Aug 01 2018 22:09:45 -0.9241 0 -1.80727 -2.55238 88.5996 67.6539 0 0 0 0 0 0 0 1 0 1 0 
Wed Aug 01 2018 22:09:45 -1.0301 0 -1.79893 -2.56247 84.802 65.2489 0 0 0 0 0 0 0 1 0 1 0 
Wed Aug 01 2018 22:09:45 -1.1118 0 -1.78976 -2.57247 80.7135 62.7122 0 0 0 0 0 0 0 1 0 1 0 
Wed Aug 01 2018 22:09:45 -1.1748 0 -1.77992 -2.58207 76.4224 60.1052 0 0 0 0 0 0 0 1 0 1 0 
Wed Aug 01 2018 22:09:45 -1.2234 0 -1.76952 -2.59177 71.9868 57.467 0 0 0 0 0 0 0 1 0 1 0 
Wed Aug 01 2018 22:10:03 -1.3294 -16.6613 -1.72347 -2.63027 53.3918 47.0018 0 0 0 0 0 0 0 1 0 1 0 
Wed Aug 01 2018 22:10:03 -1.3426 -22.2158 -1.71098 -2.63986 48.6058 44.4572 0 0 0 0 0 0 0 1 0 1 0 
Wed Aug 01 2018 22:10:03 -1.3528 -27.8081 -1.69814 -2.64946 43.7808 41.9512 0 0 0 0 0 0 0 1 0 1 0 
Wed Aug 01 2018 22:10:03 -1.3607 -33.43 -1.68494 -2.65916 38.9208 39.4865 0 0 0 0 0 0 0 1 0 1 0 
Wed Aug 01 2018 22:10:03 -1.0167 -38.7374 -1.67169 -2.66796 34.1283 37.1126 0 0 0 0 0 0 0 1 0 1 0 
Wed Aug 01 2018 22:10:19 0.2307 -44.5724 -1.65089 -2.70306 26.7891 33.759 0 0 0 0 0 0 0 1 0 1 0 
Wed Aug 01 2018 22:10:19 0.3895 -45.3548 -1.65443 -2.71186 28.0304 34.3883 0 0 0 0 0 0 0 1 0 1 0 
Wed Aug 01 2018 22:10:19 0.5121 -46.6747 -1.66008 -2.72065 30.0186 35.3363 0 0 0 0 0 0 0 1 0 1 0 
Wed Aug 01 2018 22:10:19 0.6067 -48.5221 -1.66725 -2.72945 32.5584 36.5027 0 0 0 0 0 0 0 1 0 1 0 
Wed Aug 01 2018 22:10:19 0.6798 -48.1128 -1.66396 -2.73705 31.4013 36.0795 0 0 0 0 0 0 0 1 0 1 0 
Wed Aug 01 2018 22:10:35 0.839 -38.8369 -1.62281 -2.76715 17.2127 30.6355 0 0 0 0 0 0 0 1 0 1 0 
Wed Aug 01 2018 22:10:35 0.859 -36.0335 -1.61118 -2.77475 13.3026 29.2109 0 0 0 0 0 0 0 1 0 1 0 
Wed Aug 01 2018 22:10:35 0.8744 -33.1209 -1.59921 -2.78225 9.3152 27.7911 0 0 0 0 0 0 0 1 0 1 0 
Wed Aug 01 2018 22:10:35 0.8862 -30.1227 -1.58693 -2.78985 5.2666 26.383 0 0 0 0 0 0 0 1 0 1 0 
Wed Aug 01 2018 22:10:35 0.5475 -27.6433 -1.57515 -2.79655 1.4144 25.0767 0 0 0 0 0 0 0 1 0 1 0 
Wed Aug 01 2018 22:10:51 -0.6954 -25.762 -1.57876 -2.82334 2.5928 25.6553 0 0 0 0 0 0 0 1 0 1 0 
Wed Aug 01 2018 22:10:51 -0.8536 -23.4544 -1.58933 -2.83004 6.0586 26.8183 0 0 0 0 0 0 0 1 0 1 0 
Wed Aug 01 2018 22:10:51 -0.9757 -20.3275 -1.60159 -2.83674 10.1075 28.1367 0 0 0 0 0 0 0 1 0 1 0 
Wed Aug 01 2018 22:10:51 -1.0698 -16.5967 -1.61491 -2.84344 14.5452 29.5434 0 0 0 0 0 0 0 1 0 1 0 
Wed Aug 01 2018 22:10:51 -1.1425 -12.4378 -1.62887 -2.84894 19.2426 30.9977 0 0 0 0 0 0 0 1 0 1 0 
Wed Aug 01 2018 22:10:51 -1.1985 -7.9798 -1.6432 -2.85444 24.115 32.4751 0 0 0 0 0 0 0 1 0 1 0 
Wed Aug 01 2018 22:11:05 -1.3206 0 -1.70159 -2.87624 44.5075 38.3449 0 0 0 0 0 0 0 1 0 1 0 
Wed Aug 01 2018 22:11:05 -1.3359 0 -1.71612 -2.88163 49.7255 39.7695 0 0 0 0 0 0 0 1 0 1 0 
Wed Aug 01 2018 22:11:05 -1.3477 0 -1.73055 -2.88713 54.9703 41.1707 0 0 0 0 0 0 0 1 0 1 0 
Wed Aug 01 2018 22:11:19 -1.3693 0 -1.77313 -2.90353 70.82 45.2199 0 0 0 0 0 0 0 1 0 1 0 
Wed Aug 01 2018 22:11:19 -1.3735 0 -1.78707 -2.90893 76.1321 46.5155 0 0 0 0 0 0 0 1 0 1 0 
Wed Aug 01 2018 22:11:19 -1.3768 0 -1.80086 -2.91443 81.4554 47.7831 0 0 0 0 0 0 0 1 0 1 0 
Wed Aug 01 2018 22:11:19 -1.3793 0 -1.81452 -2.91983 86.7889 49.0226 0 0 0 0 0 0 0 1 0 1 0 
Wed Aug 01 2018 22:11:19 -1.0312 0 -1.81001 -2.92453 85.0443 48.7111 0 0 0 0 0 0 0 1 0 1 0 
Wed Aug 01 2018 22:11:35 0.2252 0 -1.78935 -2.94293 77.1382 47.307 0 0 0 0 0 0 0 1 0 1 0 
Wed Aug 01 2018 22:11:35 0.3852 0 -1.7928 -2.94763 78.4649 47.6209 0 0 0 0 0 0 0 1 0 1 0 
Wed Aug 01 2018 22:11:35 0.5087 0 -1.79834 -2.95223 80.5975 48.0789 0 0 0 0 0 0 0 1 0 1 0 
Wed Aug 01 2018 22:11:35 0.604 0 -1.80539 -2.95683 83.3202 48.6339 0 0 0 0 0 0 0 1 0 1 0 
Wed Aug 01 2018 22:11:35 0.6775 0 -1.81351 -2.96102 86.4735 49.2529 0 0 0 0 0 0 0 1 0 1 0 
Wed Aug 01 2018 22:11:35 0.7343 0 -1.82239 -2.96522 89.942 49.9125 0 0 0 0 0 0 0 1 0 1 0 
Wed Aug 01 2018 22:11:53 0.8581 0 -1.86176 -2.98202 105.616 52.6895 0 0 0 0 0 0 0 1 0 1 0 
Wed Aug 01 2018 22:11:53 0.8737 0 -1.87202 -2.98622 109.788 53.3805 0 0 0 0 0 0 0 1 0 1 0 
Wed Aug 01 2018 22:11:53 0.8857 0 -1.88234 -2.99052 114.018 54.0618 0 0 0 0 0 0 0 1 0 1 0 
Wed Aug 01 2018 22:11:53 0.8949 0 -1.89267 -2.99472 118.291 54.7312 0 0 0 0 0 0 0 1 0 1 0 
Wed Aug 01 2018 22:11:53 0.5541 0 -1.90237 -2.99762 122.343 55.3542 0 0 0 0 0 0 0 1 0 1 0 
Wed Aug 01 2018 22:12:09 -0.693 0 -1.89918 -3.00942 121.111 55.4522 0 0 0 0 0 0 0 1 0 1 0 
Wed Aug 01 2018 22:12:09 -0.8518 0 -1.89035 -3.01242 117.486 55.0597 0 0 0 0 0 0 0 1 0 1 0 
Wed Aug 01 2018 22:12:09 -0.9742 0 -1.87995 -3.01532 113.259 54.6048 0 0 0 0 0 0 0 1 0 1 0 
Wed Aug 01 2018 22:12:09 -1.0687 -3.4331 -1.86846 -3.01832 108.634 54.1154 0 0 0 0 0 0 0 1 0 1 0 
Wed Aug 01 2018 22:12:09 -1.1415 -8.1531 -1.85618 -3.02082 103.746 53.6083 0 0 0 0 0 0 0 1 0 1 0 
Wed Aug 01 2018 22:12:21 -1.3002 -29.2656 -1.80243 -3.03102 82.9213 51.5668 0 0 0 0 0 0 0 1 0 1 0 
Wed Aug 01 2018 22:12:21 -1.3201 -34.8268 -1.78823 -3.03352 77.5632 51.0737 0 0 0 0 0 0 0 1 0 1 0 
Wed Aug 01 2018 22:12:21 -1.3354 -40.4453 -1.77383 -3.03602 72.1766 50.5915 0 0 0 0 0 0 0 1 0 1 0 
Wed Aug 01 2018 22:12:21 -1.3472 -46.1074 -1.75924 -3.03861 66.769 50.1209 0 0 0 0 0 0 0 1 0 1 0 
Wed Aug 01 2018 22:12:37 -1.3687 -63.2711 -1.71449 -3.04621 50.4669 48.7843 0 0 0 0 0 0 0 1 0 1 0 
Wed Aug 01 2018 22:12:37 -1.3729 -69.0341 -1.6993 -3.04871 45.0159 48.365 0 0 0 0 0 0 0 1 0 1 0 
Wed Aug 01 2018 22:12:37 -1.3761 -74.8126 -1.684 -3.05121 39.5595 47.959 0 0 0 0 0 0 0 1 0 1 0 
Wed Aug 01 2018 22:12:37 -1.3786 -80.6047 -1.66859 -3.05381 34.0987 47.5666 0 0 0 0 0 0 0 1 0 1 0 
Wed Aug 01 2018 22:12:37 -1.0304 -79.4433 -1.67355 -3.05461 35.8592 47.7638 0 0 0 0 0 0 0 1 0 1 0 
Wed Aug 01 2018 22:12:53 0.226 -76.563 -1.69587 -3.05811 43.8303 48.6181 0 0 0 0 0 0 0 1 0 1 0 
Wed Aug 01 2018 22:12:53 0.3859 -76.5208 -1.69202 -3.05901 42.4641 48.5694 0 0 0 0 0 0 0 1 0 1 0 
Wed Aug 01 2018 22:12:53 0.5094 -75.9427 -1.68589 -3.05981 40.2822 48.4604 0 0 0 0 0 0 0 1 0 1 0 
Wed Aug 01 2018 22:12:53 0.6046 -74.8359 -1.67806 -3.06071 37.5045 48.3087 0 0 0 0 0 0 0 1 0 1 0 
Wed Aug 01 2018 22:12:53 0.6781 -73.2704 -1.66899 -3.06071 34.2933 48.126 0 0 0 0 0 0 0 1 0 1 0 
Wed Aug 01 2018 22:13:09 0.8384 -63.9691 -1.62552 -3.06081 19.021 47.2151 0 0 0 0 0 0 0 1 0 1 0 
Wed Aug 01 2018 22:13:09 0.8585 -61.1758 -1.61363 -3.06091 14.8693 46.9626 0 0 0 0 0 0 0 1 0 1 0 
Wed Aug 01 2018 22:13:09 0.874 -58.2726 -1.60149 -3.06091 10.646 46.7047 0 0 0 0 0 0 0 1 0 1 0 
Wed Aug 01 2018 22:13:09 0.886 -55.2832 -1.58918 -3.06091 6.3688 46.4428 0 0 0 0 0 0 0 1 0 1 0 
Wed Aug 01 2018 22:13:09 0.5473 -52.8123 -1.57747 -3.06001 2.3096 46.195 0 0 0 0 0 0 0 1 0 1 0 
Wed Aug 01 2018 22:13:26 -0.6954 -50.9598 -1.58116 -3.05611 3.5929 46.5133 0 0 0 0 0 0 0 1 0 1 0 
Wed Aug 01 2018 22:13:26 -0.8536 -48.6591 -1.59165 -3.05511 7.2329 46.8534 0 0 0 0 0 0 0 1 0 1 0 
Wed Aug 01 2018 22:13:26 -0.9757 -45.5393 -1.60382 -3.05411 11.4731 47.245 0 0 0 0 0 0 0 1 0 1 0 
Wed Aug 01 2018 22:13:26 -1.0698 -41.8155 -1.6171 -3.05321 16.1087 47.6724 0 0 0 0 0 0 0 1 0 1 0 
Wed Aug 01 2018 22:13:26 -1.1425 -37.6638 -1.63106 -3.05221 21.0051 48.1256 0 0 0 0 0 0 0 1 0 1 0 
Wed Aug 01 2018 22:13:26 -1.1985 -33.213 -1.64545 -3.05001 26.0743 48.6009 0 0 0 0 0 0 0 1 0 1 0 
Wed Aug 01 2018 22:13:43 -1.3206 -13.8431 -1.70456 -3.04111 47.1918 50.6883 0 0 0 0 0 0 0 1 0 1 0 
Wed Aug 01 2018 22:13:43 -1.3359 -8.796 -1.71936 -3.03881 52.5716 51.2484 0 0 0 0 0 0 0 1 0 1 0 
Wed Aug 01 2018 22:13:43 -1.3477 -3.7054 -1.7341 -3.03662 57.9699 51.822 0 0 0 0 0 0 0 1 0 1 0 
Wed Aug 01 2018 22:13:43 -1.3568 0 -1.74875 -3.03442 63.3812 52.4088 0 0 0 0 0 0 0 1 0 1 0 
Wed Aug 01 2018 22:13:43 -1.0138 0 -1.76299 -3.03132 68.6911 52.9994 0 0 0 0 0 0 0 1 0 1 0 
Wed Aug 01 2018 22:13:55 0.2314 0 -1.78403 -3.01892 76.6607 54.0422 0 0 0 0 0 0 0 1 0 1 0 
Wed Aug 01 2018 22:13:55 0.39 0 -1.78035 -3.01582 75.2704 53.9262 0 0 0 0 0 0 0 1 0 1 0 
Wed Aug 01 2018 22:13:55 0.5123 0 -1.77453 -3.01272 73.0769 53.7087 0 0 0 0 0 0 0 1 0 1 0 
Wed Aug 01 2018 22:13:55 0.6067 0 -1.76714 -3.00962 70.2973 53.4115 0 0 0 0 0 0 0 1 0 1 0 
Wed Aug 01 2018 22:14:11 0.7792 0 -1.73908 -3.00032 59.8351 52.1878 0 0 0 0 0 0 0 1 0 1 0 
Wed Aug 01 2018 22:14:11 0.8127 0 -1.72849 -2.99722 55.9266 51.7005 0 0 0 0 0 0 0 1 0 1 0 
Wed Aug 01 2018 22:14:11 0.8385 0 -1.71751 -2.99412 51.8946 51.1833 0 0 0 0 0 0 0 1 0 1 0 
Wed Aug 01 2018 22:14:11 0.8584 0 -1.7062 -2.99102 47.7708 50.64 0 0 0 0 0 0 0 1 0 1 0 
Wed Aug 01 2018 22:14:11 0.5259 0 -1.70943 -2.98732 48.954 50.8611 0 0 0 0 0 0 0 1 0 1 0 
Wed Aug 01 2018 22:14:27 -0.7034 0 -1.70451 -2.97272 47.1779 50.7339 0 0 0 0 0 0 0 1 0 1 0 
Wed Aug 01 2018 22:14:27 -0.8599 0 -1.69448 -2.96912 43.532 50.177 0 0 0 0 0 0 0 1 0 1 0 
Wed Aug 01 2018 22:14:27 -0.9806 0 -1.68278 -2.96542 39.3047 49.5082 0 0 0 0 0 0 0 1 0 1 0 
Wed Aug 01 2018 22:14:27 -1.0737 0 -1.66995 -2.96182 34.6956 48.7573 0 0 0 0 0 0 0 1 0 1 0 
Wed Aug 01 2018 22:14:27 -1.1455 0 -1.65634 -2.95712 29.8363 47.9422 0 0 0 0 0 0 0 1 0 1 0 
Wed Aug 01 2018 22:14:43 -1.302 -11.8798 -1.59758 -2.93853 9.2225 44.2209 0 0 0 0 0 0 0 1 0 1 0 
Wed Aug 01 2018 22:14:43 -1.3216 -17.2658 -1.58227 -2.93393 3.9368 43.2014 0 0 0 0 0 0 0 1 0 1 0 
Wed Aug 01 2018 22:14:43 -1.3367 -22.7081 -1.56679 -2.92923 -1.3704 42.1515 0 0 0 0 0 0 0 1 0 1 0 
Wed Aug 01 2018 22:14:43 -1.3483 -28.1934 -1.55118 -2.92463 -6.6916 41.0725 0 0 0 0 0 0 0 1 0 1 0 
Wed Aug 01 2018 22:14:43 -1.0072 -33.3637 -1.53578 -2.91893 -11.9098 39.9869 0 0 0 0 0 0 0 1 0 1 0 
