0.333526
0.319767
0.330884
0.339912
0.344438
0.323054
0.340840
0.330569
0.319452
0.320050
0.317983
0.340179
0.319473
0.325420
0.338695
0.321499
0.331199
0.334797
0.324930
0.342634
0.330653
0.334152
0.334722
0.340350
0.330146
0.326077
0.331989
0.336558
0.334182
0.326019
0.336333
0.329324
0.333533
0.320200
0.338980
0.329345
0.334503
0.322663
0.352091
0.324257
0.326668
0.332927
0.345088
0.346108
0.345421
0.344646
0.335909
0.332848
0.325507
0.330282
0.324837
0.327218
0.329107
0.328422
0.337507
0.356345
0.331385
0.341194
0.336480
0.321526
0.323794
0.328641
0.325789
0.340454
0.327867
0.331844
0.346952
0.329949
0.334062
0.342520
0.332188
0.330406
0.327915
0.338817
0.317406
0.338587
0.326314
0.342341
0.331726
0.335764
0.327487
0.324432
0.343025
0.332424
0.326517
0.328522
0.335098
0.331922
0.324120
0.347071
0.337740
0.326330
0.330110
0.338265
0.344101
0.331758
0.316203
0.322804
0.339688
0.339681
