3.655780
2.227369
2.224291
2.225594
2.219670
2.230317
2.228204
2.231410
2.231133
2.217280
2.226464
2.231020
2.237931
2.228780
2.230874
2.231788
2.231014
2.228961
2.232054
2.230996
2.230431
2.219199
2.228117
2.232209
2.231740
2.230890
2.236234
2.230685
2.231949
2.230730
2.227458
2.220794
2.231134
2.231954
2.231565
2.229684
2.229130
2.230236
2.227486
2.231133
2.232205
2.230471
2.228241
2.231805
2.230952
2.231382
2.231319
2.228118
2.231988
2.231313
2.230978
2.230617
2.232055
2.227969
2.231715
2.232054
2.231007
2.230652
2.232286
2.231597
2.230878
2.227895
2.232004
2.232442
2.230642
2.230332
2.227686
2.219657
2.227687
2.219492
2.224440
2.230827
2.232483
2.230064
2.227133
2.220207
2.219371
2.231161
2.231259
2.227810
2.219224
2.227791
2.221074
2.230066
2.226903
2.227950
2.227665
2.219447
2.227695
2.220639
2.218380
2.228780
2.231408
2.219540
2.231168
2.231428
2.231272
2.222295
2.227915
2.219466
