$#NG 0.454866 -127.633 269.999 130.565 392.988 180138 0 0 0 0 6.16148e-05 0.0282431 0
$#NG 0.454866 -127.633 269.999 130.565 392.988 180138 0 0 0 0 6.16148e-05 0.0282431 -9.11609
$#NG 0.508454 -156.078 269.999 130.666 560.277 320420 0 0 0 0 8.78433e-05 0.05 0
$#NG 0.496254 -156.336 269.999 130.666 561.616 321809 0 0 0 0 8.80532e-05 0.050455 0
$#NG 0.496254 -156.336 269.999 130.666 561.616 321809 0 0 0 0 8.80532e-05 0.050455 -9.12991
$#NG 0.328874 -167.991 269.999 130.62 619.204 386075 0 0 0 0 9.70823e-05 0.060531 0
$#NG 0.328874 -167.991 269.999 130.62 619.204 386075 0 0 0 0 9.70823e-05 0.060531 -9.15229
$#NG 0.268357 -231.9 269.999 130.469 809.277 759270 0 0 0 0 0.000126883 0.119043 0
$#NG 0.268357 -231.9 269.999 130.469 809.277 759270 0 0 0 0 0.000126883 0.119043 -9.2179
$#NG 0.310431 -339.913 269.999 130.482 919.598 1.36491e+06 0 0 0 0 0.00014418 0.213998 0
$#NG 0.310431 -339.913 269.999 130.482 919.598 1.36491e+06 0 0 0 0 0.00014418 0.213998 -9.22192
$#NG 0.300405 -341.246 269.999 130.486 920.3 1.37198e+06 0 0 0 0 0.00014429 0.215107 -9.22192
$#NG 0.300405 -341.246 269.999 130.486 920.3 1.37198e+06 0 0 0 0 0.00014429 0.215107 -9.23204
$#NG 0.291348 -342.591 269.999 130.494 921.003 1.37911e+06 0 0 0 0 0.0001444 0.216224 -9.23204
$#NG 0.291348 -342.591 269.999 130.494 921.003 1.37911e+06 0 0 0 0 0.0001444 0.216224 -9.23325
$#NG 0.291466 -343.946 269.999 130.497 921.696 1.38627e+06 0 0 0 0 0.000144509 0.217348 -9.23325
$#NG 0.291466 -343.946 269.999 130.497 921.696 1.38627e+06 0 0 0 0 0.000144509 0.217348 -9.23158
$#NG 0.296634 -345.312 269.999 130.5 922.372 1.39349e+06 0 0 0 0 0.000144615 0.218479 -9.23158
$#NG 0.296634 -345.312 269.999 130.5 922.372 1.39349e+06 0 0 0 0 0.000144615 0.218479 -9.22131
$#NG 0.290783 -346.689 269.999 130.506 923.027 1.40075e+06 0 0 0 0 0.000144717 0.219618 -9.22131
$#NG 0.290783 -346.689 269.999 130.506 923.027 1.40075e+06 0 0 0 0 0.000144717 0.219618 -9.21957
$#NG 0.298474 -348.078 269.999 130.506 923.678 1.40806e+06 0 0 0 0 0.000144819 0.220764 -9.21957
$#NG 0.298474 -348.078 269.999 130.506 923.678 1.40806e+06 0 0 0 0 0.000144819 0.220764 -9.22363
$#NG 0.301145 -349.477 269.999 130.501 924.335 1.41542e+06 0 0 0 0 0.000144922 0.221918 -9.22363
$#NG 0.301145 -349.477 269.999 130.501 924.335 1.41542e+06 0 0 0 0 0.000144922 0.221918 -9.22995
$#NG 0.287738 -350.888 269.999 130.504 924.987 1.42283e+06 0 0 0 0 0.000145025 0.223079 -9.22995
$#NG 0.287738 -350.888 269.999 130.504 924.987 1.42283e+06 0 0 0 0 0.000145025 0.223079 -9.22396
$#NG 0.283585 -352.31 269.999 130.502 925.636 1.43029e+06 0 0 0 0 0.000145126 0.224248 -9.22396
$#NG 0.283585 -352.31 269.999 130.502 925.636 1.43029e+06 0 0 0 0 0.000145126 0.224248 -9.21879
$#NG 0.285663 -353.744 269.999 130.498 926.288 1.43779e+06 0 0 0 0 0.000145229 0.225425 -9.21879
$#NG 0.285663 -353.744 269.999 130.498 926.288 1.43779e+06 0 0 0 0 0.000145229 0.225425 -9.21988
$#NG 0.292775 -355.19 269.999 130.5 926.941 1.44535e+06 0 0 0 0 0.000145331 0.22661 -9.21988
$#NG 0.292775 -355.19 269.999 130.5 926.941 1.44535e+06 0 0 0 0 0.000145331 0.22661 -9.20765
$#NG 0.300096 -356.648 269.999 130.502 927.597 1.45296e+06 0 0 0 0 0.000145434 0.227803 -9.20765
$#NG 0.300096 -356.648 269.999 130.502 927.597 1.45296e+06 0 0 0 0 0.000145434 0.227803 -9.2102
$#NG 0.301939 -358.117 269.999 130.502 928.248 1.46062e+06 0 0 0 0 0.000145536 0.229004 -9.2102
$#NG 0.301939 -358.117 269.999 130.502 928.248 1.46062e+06 0 0 0 0 0.000145536 0.229004 -9.21209
$#NG 0.305119 -359.6 269.999 130.511 928.894 1.46833e+06 0 0 0 0 0.000145637 0.230213 -9.21209
$#NG 0.305119 -359.6 269.999 130.511 928.894 1.46833e+06 0 0 0 0 0.000145637 0.230213 -9.20721
$#NG 0.301248 -361.094 269.999 130.51 929.525 1.47609e+06 0 0 0 0 0.000145736 0.23143 -9.20721
$#NG 0.301248 -361.094 269.999 130.51 929.525 1.47609e+06 0 0 0 0 0.000145736 0.23143 -9.21444
$#NG 0.312249 -362.601 269.999 130.514 930.151 1.48391e+06 0 0 0 0 0.000145834 0.232655 -9.21444
$#NG 0.312249 -362.601 269.999 130.514 930.151 1.48391e+06 0 0 0 0 0.000145834 0.232655 -9.2267
$#NG 0.306325 -364.121 269.999 130.53 930.777 1.49178e+06 0 0 0 0 0.000145932 0.233889 -9.2267
$#NG 0.306325 -364.121 269.999 130.53 930.777 1.49178e+06 0 0 0 0 0.000145932 0.233889 -9.23098
$#NG 0.311 -365.653 269.999 130.53 931.407 1.4997e+06 0 0 0 0 0.000146031 0.235131 -9.23098
$#NG 0.311 -365.653 269.999 130.53 931.407 1.4997e+06 0 0 0 0 0.000146031 0.235131 -9.2294
$#NG 0.317085 -367.198 269.999 130.526 932.037 1.50768e+06 0 0 0 0 0.00014613 0.236382 -9.2294
$#NG 0.317085 -367.198 269.999 130.526 932.037 1.50768e+06 0 0 0 0 0.00014613 0.236382 -9.22354
$#NG 0.31611 -368.757 269.999 130.528 932.657 1.51571e+06 0 0 0 0 0.000146227 0.237641 -9.22354
$#NG 0.31611 -368.757 269.999 130.528 932.657 1.51571e+06 0 0 0 0 0.000146227 0.237641 -9.2179
$#NG 0.305794 -370.329 269.999 130.526 933.269 1.52379e+06 0 0 0 0 0.000146323 0.238909 -9.2179
$#NG 0.305794 -370.329 269.999 130.526 933.269 1.52379e+06 0 0 0 0 0.000146323 0.238909 -9.22317
$#NG 0.304251 -371.914 269.999 130.534 933.88 1.53193e+06 0 0 0 0 0.000146419 0.240185 -9.22317
$#NG 0.304251 -371.914 269.999 130.534 933.88 1.53193e+06 0 0 0 0 0.000146419 0.240185 -9.23265
$#NG 0.324932 -373.513 269.999 130.523 934.484 1.54013e+06 0 0 0 0 0.000146513 0.24147 -9.23265
$#NG 0.324932 -373.513 269.999 130.523 934.484 1.54013e+06 0 0 0 0 0.000146513 0.24147 -9.22589
