Thu Aug 09 2018 17:17:00 0 0 -1.5708 0.006699 0 0 0 0 0 0 0 0 0 1 0 1 0 
Thu Aug 09 2018 17:17:00 0 0 -1.5708 0.006699 0 0 0 0 0 0 0 0 0 1 0 1 0 
Thu Aug 09 2018 17:17:00 0 0 -1.5708 0.006699 0 0 0 0 0 0 0 0 0 1 0 1 0 
Thu Aug 09 2018 17:17:00 0 0 -1.5708 0.006699 0 0 0 0 0 0 0 0 0 1 0 1 0 
Thu Aug 09 2018 17:17:06 0 0 -1.5708 0.006699 0 0 0 0 0 0 0 0 0 1 0 1 0 
Thu Aug 09 2018 17:17:12 -0.0941 -0.0363 -1.57189 -0.00329 0.3285 -0.0024 0 0 0 0 0 0 0 1 0 1 0 
Thu Aug 09 2018 17:17:16 -0.1683 -0.2639 -1.57635 -0.01669 1.6665 -0.0257 0 0 0 0 0 0 0 1 0 1 0 
Thu Aug 09 2018 17:17:20 -0.2125 -0.7271 -1.58315 -0.02999 3.7049 -0.0876 0 0 0 0 0 0 0 1 0 1 0 
Thu Aug 09 2018 17:17:24 -0.2388 -1.3798 -1.59133 -0.04339 6.1567 -0.1945 0 0 0 0 0 0 0 1 0 1 0 
Thu Aug 09 2018 17:17:28 -0.2544 -2.1698 -1.60033 -0.05669 8.8515 -0.348 0 0 0 0 0 0 0 1 0 1 0 
Thu Aug 09 2018 17:17:32 -0.2637 -3.0574 -1.60981 -0.07009 11.6886 -0.5476 0 0 0 0 0 0 0 1 0 1 0 
Thu Aug 09 2018 17:17:36 -0.2693 -4.0163 -1.61958 -0.08338 14.6084 -0.7922 0 0 0 0 0 0 0 1 0 1 0 
Thu Aug 09 2018 17:17:40 -0.2725 -5.0296 -1.62952 -0.09678 17.5752 -1.0809 0 0 0 0 0 0 0 1 0 1 0 
Thu Aug 09 2018 17:17:44 -0.2744 -6.0872 -1.63957 -0.11008 20.5677 -1.4125 0 0 0 0 0 0 0 1 0 1 0 
Thu Aug 09 2018 17:17:48 -0.2756 -7.1826 -1.64968 -0.12348 23.5731 -1.7863 0 0 0 0 0 0 0 1 0 1 0 
Thu Aug 09 2018 17:17:52 -0.2762 -8.3122 -1.65983 -0.13678 26.5835 -2.2017 0 0 0 0 0 0 0 1 0 1 0 
Thu Aug 09 2018 17:17:56 -0.2766 -9.4736 -1.67 -0.15018 29.5938 -2.6582 0 0 0 0 0 0 0 1 0 1 0 
Thu Aug 09 2018 17:18:00 -0.2768 -10.6656 -1.68018 -0.16347 32.6012 -3.1556 0 0 0 0 0 0 0 1 0 1 0 
Thu Aug 09 2018 17:18:04 -0.2769 -11.8873 -1.69038 -0.17687 35.6033 -3.6935 0 0 0 0 0 0 0 1 0 1 0 
Thu Aug 09 2018 17:18:08 -0.2769 -13.1382 -1.70058 -0.19017 38.5989 -4.2717 0 0 0 0 0 0 0 1 0 1 0 
Thu Aug 09 2018 17:18:12 -0.277 -14.4181 -1.71079 -0.20357 41.5868 -4.89 0 0 0 0 0 0 0 1 0 1 0 
Thu Aug 09 2018 17:18:16 -0.2769 -15.7267 -1.72101 -0.21687 44.5661 -5.5483 0 0 0 0 0 0 0 1 0 1 0 
Thu Aug 09 2018 17:18:20 -0.2769 -17.0641 -1.73123 -0.23027 47.5362 -6.2463 0 0 0 0 0 0 0 1 0 1 0 
Thu Aug 09 2018 17:18:24 -0.2769 -18.43 -1.74145 -0.24356 50.4965 -6.984 0 0 0 0 0 0 0 1 0 1 0 
Thu Aug 09 2018 17:18:28 -0.0885 -18.7426 -1.73695 -0.28536 49.199 -6.6167 0 0 0 0 0 0 0 1 0 1 0 
Thu Aug 09 2018 17:18:32 0.0598 -19.2211 -1.73561 -0.32705 48.8157 -6.5012 0 0 0 0 0 0 0 1 0 1 0 
Thu Aug 09 2018 17:18:36 0.1692 -19.5704 -1.73902 -0.36875 49.7834 -6.8659 0 0 0 0 0 0 0 1 0 1 0 
Thu Aug 09 2018 17:18:40 0.2688 -19.507 -1.74645 -0.41044 51.8697 -7.7456 0 0 0 0 0 0 0 1 0 1 0 
Thu Aug 09 2018 17:18:44 0.2827 -19.0191 -1.75669 -0.45214 54.713 -9.0819 0 0 0 0 0 0 0 1 0 1 0 
Thu Aug 09 2018 17:18:48 0.1354 -18.763 -1.76566 -0.49393 57.1671 -10.3575 0 0 0 0 0 0 0 1 0 1 0 
Thu Aug 09 2018 17:18:52 0.0593 -19.0392 -1.76898 -0.53563 58.0642 -10.8708 0 0 0 0 0 0 0 1 0 1 0 
Thu Aug 09 2018 17:18:56 0.1862 -19.221 -1.77255 -0.57732 59.0139 -11.4792 0 0 0 0 0 0 0 1 0 1 0 
Thu Aug 09 2018 17:19:00 0.2795 -18.947 -1.78014 -0.61902 61.0034 -12.8632 0 0 0 0 0 0 0 1 0 1 0 
Thu Aug 09 2018 17:19:04 0.2659 -18.3108 -1.78996 -0.66081 63.5322 -14.7775 0 0 0 0 0 0 0 1 0 1 0 
Thu Aug 09 2018 17:19:08 0.0208 -18.2031 -1.79624 -0.70251 65.1158 -16.0734 0 0 0 0 0 0 0 1 0 1 0 
Thu Aug 09 2018 17:19:12 0.0535 -18.4171 -1.79662 -0.7442 65.2088 -16.1599 0 0 0 0 0 0 0 1 0 1 0 
Thu Aug 09 2018 17:19:16 0.1513 -18.4843 -1.79957 -0.7859 65.9261 -16.869 0 0 0 0 0 0 0 1 0 1 0 
Thu Aug 09 2018 17:19:20 0.2497 -18.2275 -1.80543 -0.82759 67.3228 -18.3576 0 0 0 0 0 0 0 1 0 1 0 
Thu Aug 09 2018 17:19:24 0.3004 -17.5184 -1.81388 -0.86939 69.2827 -20.6224 0 0 0 0 0 0 0 1 0 1 0 
Thu Aug 09 2018 17:19:28 0.1551 -16.905 -1.82192 -0.91108 71.09 -22.8861 0 0 0 0 0 0 0 1 0 1 0 
Thu Aug 09 2018 17:19:32 0.1139 -16.792 -1.82599 -0.95278 71.9761 -24.0996 0 0 0 0 0 0 0 1 0 1 0 
Thu Aug 09 2018 17:19:36 0.1126 -16.6926 -1.8293 -0.99447 72.6763 -25.1525 0 0 0 0 0 0 0 1 0 1 0 
Thu Aug 09 2018 17:19:40 0.112 -16.567 -1.83248 -1.03627 73.3252 -26.223 0 0 0 0 0 0 0 1 0 1 0 
Thu Aug 09 2018 17:19:44 0.1116 -16.4138 -1.83554 -1.07796 73.926 -27.3143 0 0 0 0 0 0 0 1 0 1 0 
Thu Aug 09 2018 17:19:48 0.1114 -16.2327 -1.83846 -1.11965 74.479 -28.4263 0 0 0 0 0 0 0 1 0 1 0 
Thu Aug 09 2018 17:27:11 0 0 -1.5708 0.006699 0 0 0 0 0 0 0 0 0 1 0 1 0 
Thu Aug 09 2018 17:27:11 0 0 -1.5708 0.006699 0 0 0 0 0 0 0 0 0 1 0 1 0 
Thu Aug 09 2018 17:27:11 0 0 -1.5708 0.006699 0 0 0 0 0 0 0 0 0 1 0 1 0 
Thu Aug 09 2018 17:27:11 0 0 -1.5708 0.006699 0 0 0 0 0 0 0 0 0 1 0 1 0 
Thu Aug 09 2018 17:27:11 0 0 -1.5708 0.006699 0 0 0 0 0 0 0 0 0 1 0 1 0 
Thu Aug 09 2018 17:27:11 0 0 -1.5708 0.006699 0 0 0 0 0 0 0 0 0 1 0 1 0 
Thu Aug 09 2018 17:27:15 0 0 -1.5708 0.006699 0 0 0 0 0 0 0 0 0 1 0 1 0 
Thu Aug 09 2018 17:27:19 0 0 -1.5708 0.006699 0 0 0 0 0 0 0 0 0 1 0 1 0 
Thu Aug 09 2018 17:27:23 -0.0941 -0.0363 -1.57189 -0.00329 0.3285 -0.0024 0 0 0 0 0 0 0 1 0 1 0 
Thu Aug 09 2018 17:27:27 -0.1683 -0.2639 -1.57635 -0.01419 1.6665 -0.0238 0 0 0 0 0 0 0 1 0 1 0 
Thu Aug 09 2018 17:27:31 -0.2125 -0.7271 -1.58315 -0.02499 3.7052 -0.0779 0 0 0 0 0 0 0 1 0 1 0 
Thu Aug 09 2018 17:27:35 -0.2388 -1.3798 -1.59133 -0.03589 6.1576 -0.1694 0 0 0 0 0 0 0 1 0 1 0 
Thu Aug 09 2018 17:27:39 -0.2544 -2.1698 -1.60033 -0.04669 8.8536 -0.2992 0 0 0 0 0 0 0 1 0 1 0 
Thu Aug 09 2018 17:27:43 -0.2637 -3.0574 -1.60981 -0.05759 11.6928 -0.4668 0 0 0 0 0 0 0 1 0 1 0 
Thu Aug 09 2018 17:27:47 -0.2693 -4.0163 -1.61959 -0.06839 14.6157 -0.6711 0 0 0 0 0 0 0 1 0 1 0 
Thu Aug 09 2018 17:27:51 -0.2725 -5.0296 -1.62953 -0.07929 17.5869 -0.9113 0 0 0 0 0 0 0 1 0 1 0 
Thu Aug 09 2018 17:27:55 -0.2744 -6.0872 -1.63958 -0.09008 20.5851 -1.1866 0 0 0 0 0 0 0 1 0 1 0 
Thu Aug 09 2018 17:27:59 -0.2756 -7.1826 -1.64969 -0.10088 23.5978 -1.4962 0 0 0 0 0 0 0 1 0 1 0 
Thu Aug 09 2018 17:28:05 -0.2764 -8.889 -1.66491 -0.11718 28.1278 -2.0241 0 0 0 0 0 0 0 1 0 1 0 
Thu Aug 09 2018 17:28:09 -0.2767 -10.0659 -1.67509 -0.12808 31.149 -2.4179 0 0 0 0 0 0 0 1 0 1 0 
Thu Aug 09 2018 17:28:13 -0.2769 -11.2728 -1.68528 -0.13888 34.1682 -2.8449 0 0 0 0 0 0 0 1 0 1 0 
Thu Aug 09 2018 17:28:17 -0.2769 -12.5091 -1.69547 -0.14978 37.1838 -3.3049 0 0 0 0 0 0 0 1 0 1 0 
Thu Aug 09 2018 17:28:21 -0.277 -13.7745 -1.70567 -0.16057 40.1949 -3.7977 0 0 0 0 0 0 0 1 0 1 0 
Thu Aug 09 2018 17:28:25 -0.277 -15.0688 -1.71588 -0.17147 43.2005 -4.3233 0 0 0 0 0 0 0 1 0 1 0 
Thu Aug 09 2018 17:28:29 -0.2769 -16.3918 -1.72608 -0.18227 46.2001 -4.8815 0 0 0 0 0 0 0 1 0 1 0 
Thu Aug 09 2018 17:28:33 -0.2769 -17.7435 -1.73629 -0.19317 49.1933 -5.4723 0 0 0 0 0 0 0 1 0 1 0 
Thu Aug 09 2018 17:28:37 -0.1269 -18.6247 -1.74036 -0.23487 50.3845 -5.7192 0 0 0 0 0 0 0 1 0 1 0 
Thu Aug 09 2018 17:28:41 0.036 -19.0916 -1.73798 -0.27656 49.6913 -5.5409 0 0 0 0 0 0 0 1 0 1 0 
Thu Aug 09 2018 17:28:45 0.1341 -19.5015 -1.74058 -0.31826 50.4389 -5.7816 0 0 0 0 0 0 0 1 0 1 0 
Thu Aug 09 2018 17:28:49 0.2395 -19.6024 -1.74678 -0.35995 52.2051 -6.4242 0 0 0 0 0 0 0 1 0 1 0 
Thu Aug 09 2018 17:28:53 0.3071 -19.2313 -1.75636 -0.40174 54.9022 -7.5304 0 0 0 0 0 0 0 1 0 1 0 
Thu Aug 09 2018 17:28:57 0.0923 -19.0267 -1.76512 -0.44344 57.3424 -8.6426 0 0 0 0 0 0 0 1 0 1 0 
Thu Aug 09 2018 17:29:01 0.0229 -19.3796 -1.76646 -0.48513 57.7109 -8.8264 0 0 0 0 0 0 0 1 0 1 0 
Thu Aug 09 2018 17:29:05 0.1575 -19.6194 -1.7692 -0.52683 58.4547 -9.2544 0 0 0 0 0 0 0 1 0 1 0 
Thu Aug 09 2018 17:29:09 0.2541 -19.4982 -1.77585 -0.56852 60.2365 -10.3652 0 0 0 0 0 0 0 1 0 1 0 
Thu Aug 09 2018 17:29:13 0.2947 -18.9339 -1.78534 -0.61032 62.7386 -12.0691 0 0 0 0 0 0 0 1 0 1 0 
Thu Aug 09 2018 17:29:17 0.084 -18.6812 -1.79301 -0.65201 64.7239 -13.5354 0 0 0 0 0 0 0 1 0 1 0 
Thu Aug 09 2018 17:29:21 0.05 -18.8883 -1.79459 -0.69371 65.1283 -13.8611 0 0 0 0 0 0 0 1 0 1 0 
Thu Aug 09 2018 17:29:25 0.1952 -18.9258 -1.79799 -0.7354 65.9772 -14.6196 0 0 0 0 0 0 0 1 0 1 0 
Thu Aug 09 2018 17:29:29 0.2848 -18.4864 -1.80537 -0.7772 67.7837 -16.3569 0 0 0 0 0 0 0 1 0 1 0 
Thu Aug 09 2018 17:29:33 0.2544 -17.7344 -1.81454 -0.81889 69.9728 -18.6381 0 0 0 0 0 0 0 1 0 1 0 
Thu Aug 09 2018 17:29:43 0.1086 -17.5865 -1.82157 -0.92318 71.5965 -20.508 0 0 0 0 0 0 0 1 0 1 0 
Thu Aug 09 2018 17:29:47 0.2329 -17.3185 -1.82606 -0.96487 72.5729 -21.8916 0 0 0 0 0 0 0 1 0 1 0 
Thu Aug 09 2018 17:29:51 0.3072 -16.5573 -1.83345 -1.00657 74.1284 -24.2881 0 0 0 0 0 0 0 1 0 1 0 
Thu Aug 09 2018 17:29:55 0.3514 -15.3912 -1.84239 -1.04826 75.9316 -27.3327 0 0 0 0 0 0 0 1 0 1 0 
Thu Aug 09 2018 17:29:59 0.3777 -13.9402 -1.85212 -1.09006 77.7958 -30.8007 0 0 0 0 0 0 0 1 0 1 0 
Thu Aug 09 2018 17:30:03 0.3933 -12.2973 -1.86219 -1.13175 79.6163 -34.5545 0 0 0 0 0 0 0 1 0 1 0 
Thu Aug 09 2018 17:30:07 0.4026 -10.5251 -1.87235 -1.17345 81.3335 -38.508 0 0 0 0 0 0 0 1 0 1 0 
Thu Aug 09 2018 17:30:11 0.4081 -8.6631 -1.88243 -1.21514 82.9134 -42.6063 0 0 0 0 0 0 0 1 0 1 0 
Thu Aug 09 2018 17:30:15 0.4114 -6.7357 -1.89233 -1.25694 84.336 -46.813 0 0 0 0 0 0 0 1 0 1 0 
Thu Aug 09 2018 17:30:19 0.4133 -4.7578 -1.902 -1.29863 85.5893 -51.103 0 0 0 0 0 0 0 1 0 1 0 
Thu Aug 09 2018 17:30:23 0.4145 -2.7382 -1.91139 -1.34033 86.6659 -55.458 0 0 0 0 0 0 0 1 0 1 0 
Thu Aug 09 2018 17:30:27 0.4151 -0.6822 -1.92045 -1.38202 87.5612 -59.8639 0 0 0 0 0 0 0 1 0 1 0 
Thu Aug 09 2018 17:30:31 0.4155 0 -1.92915 -1.42382 88.2721 -64.3091 0 0 0 0 0 0 0 1 0 1 0 
Thu Aug 09 2018 17:30:35 0.1334 0 -1.93271 -1.46551 88.5158 -66.1946 0 0 0 0 0 0 0 1 0 1 0 
Thu Aug 09 2018 17:30:39 -0.0891 0 -1.93172 -1.50721 88.4544 -65.661 0 0 0 0 0 0 0 1 0 1 0 
Thu Aug 09 2018 17:30:43 -0.2217 0 -1.934 -1.5489 88.4913 -67.1684 0 0 0 0 0 0 0 1 0 1 0 
Thu Aug 09 2018 17:30:47 -0.2536 0 -1.93763 -1.5907 88.4627 -69.7634 0 0 0 0 0 0 0 1 0 1 0 
Thu Aug 09 2018 17:30:51 -0.1938 0 -1.94096 -1.63239 88.3276 -72.3842 0 0 0 0 0 0 0 1 0 1 0 
Thu Aug 09 2018 17:30:55 -0.1869 0 -1.94326 -1.67409 88.1339 -74.4234 0 0 0 0 0 0 0 1 0 1 0 
Thu Aug 09 2018 17:30:59 -0.223 0 -1.94542 -1.71588 87.831 -76.6179 0 0 0 0 0 0 0 1 0 1 0 
Thu Aug 09 2018 17:31:03 -0.2365 0 -1.94751 -1.75758 87.3808 -79.1211 0 0 0 0 0 0 0 1 0 1 0 
Thu Aug 09 2018 17:31:07 -0.1983 0 -1.94918 -1.79927 86.8376 -81.5613 0 0 0 0 0 0 0 1 0 1 0 
Thu Aug 09 2018 17:31:13 -0.2021 -0.2212 -1.95064 -1.86186 85.9748 -84.6509 0 0 0 0 0 0 0 1 0 1 0 
Thu Aug 09 2018 17:31:17 -0.2322 -0.732 -1.95121 -1.90356 85.2227 -86.8849 0 0 0 0 0 0 0 1 0 1 0 
Thu Aug 09 2018 17:31:21 -0.2506 -1.3933 -1.95138 -1.94535 84.2792 -89.3486 0 0 0 0 0 0 0 1 0 1 0 
Thu Aug 09 2018 17:31:25 -0.2615 -2.1631 -1.95105 -1.98705 83.1671 -91.9275 0 0 0 0 0 0 0 1 0 1 0 
Thu Aug 09 2018 17:31:29 -0.268 -3.011 -1.95015 -2.02874 81.905 -94.549 0 0 0 0 0 0 0 1 0 1 0 
Thu Aug 09 2018 17:31:33 -0.2718 -3.9179 -1.94864 -2.07044 80.5066 -97.1683 0 0 0 0 0 0 0 1 0 1 0 
Thu Aug 09 2018 17:31:37 -0.2741 -4.8715 -1.94649 -2.11223 78.9822 -99.7574 0 0 0 0 0 0 0 1 0 1 0 
Thu Aug 09 2018 17:31:41 -0.2754 -5.8647 -1.94369 -2.15393 77.3397 -102.298 0 0 0 0 0 0 0 1 0 1 0 
Thu Aug 09 2018 17:31:45 -0.2762 -6.893 -1.9402 -2.19562 75.5855 -104.778 0 0 0 0 0 0 0 1 0 1 0 
Thu Aug 09 2018 17:31:49 -0.2766 -7.9537 -1.93601 -2.23732 73.7248 -107.188 0 0 0 0 0 0 0 1 0 1 0 
Thu Aug 09 2018 17:31:53 -0.2769 -9.0453 -1.9311 -2.27911 71.7624 -109.521 0 0 0 0 0 0 0 1 0 1 0 
Thu Aug 09 2018 17:31:57 -0.277 -10.1668 -1.92545 -2.3208 69.7028 -111.772 0 0 0 0 0 0 0 1 0 1 0 
Thu Aug 09 2018 17:32:01 -0.2771 -11.3177 -1.91904 -2.3625 67.55 -113.935 0 0 0 0 0 0 0 1 0 1 0 
Thu Aug 09 2018 17:32:05 -0.2771 -12.4976 -1.91187 -2.40429 65.3084 -116.007 0 0 0 0 0 0 0 1 0 1 0 
Thu Aug 09 2018 17:32:09 -0.2771 -13.7064 -1.90392 -2.44599 62.982 -117.983 0 0 0 0 0 0 0 1 0 1 0 
Thu Aug 09 2018 17:32:13 -0.2771 -14.9438 -1.89519 -2.48768 60.5751 -119.861 0 0 0 0 0 0 0 1 0 1 0 
Thu Aug 09 2018 17:32:17 -0.277 -16.2099 -1.88566 -2.52938 58.0921 -121.635 0 0 0 0 0 0 0 1 0 1 0 
Thu Aug 09 2018 17:32:21 -0.277 -17.5045 -1.87533 -2.57117 55.5374 -123.305 0 0 0 0 0 0 0 1 0 1 0 
Thu Aug 09 2018 17:32:25 -0.277 -18.8278 -1.86422 -2.61287 52.9154 -124.866 0 0 0 0 0 0 0 1 0 1 0 
Thu Aug 09 2018 17:32:29 -0.0886 -19.097 -1.86926 -2.63746 54.0872 -124.198 0 0 0 0 0 0 0 1 0 1 0 
Thu Aug 09 2018 17:32:33 0.0597 -19.5323 -1.87073 -2.66006 54.4323 -123.992 0 0 0 0 0 0 0 1 0 1 0 
Thu Aug 09 2018 17:32:37 0.1691 -19.8386 -1.86659 -2.68086 53.4997 -124.438 0 0 0 0 0 0 0 1 0 1 0 
Thu Aug 09 2018 17:32:41 0.2688 -19.7323 -1.85734 -2.69846 51.4484 -125.395 0 0 0 0 0 0 0 1 0 1 0 
Thu Aug 09 2018 17:32:45 0.2659 -19.2169 -1.84416 -2.71556 48.5984 -126.674 0 0 0 0 0 0 0 1 0 1 0 
Thu Aug 09 2018 17:32:49 0.0789 -19.1185 -1.83406 -2.73015 46.4677 -127.588 0 0 0 0 0 0 0 1 0 1 0 
Thu Aug 09 2018 17:32:53 0.0928 -19.3948 -1.83087 -2.74185 45.8109 -127.847 0 0 0 0 0 0 0 1 0 1 0 
Thu Aug 09 2018 17:32:57 0.2219 -19.4182 -1.82386 -2.75105 44.374 -128.415 0 0 0 0 0 0 0 1 0 1 0 
Thu Aug 09 2018 17:33:01 0.3008 -18.9512 -1.81115 -2.75895 41.808 -129.419 0 0 0 0 0 0 0 1 0 1 0 
Thu Aug 09 2018 17:33:05 0.2129 -18.3285 -1.7964 -2.76395 38.8921 -130.542 0 0 0 0 0 0 0 1 0 1 0 
Thu Aug 09 2018 17:33:09 0.0482 -18.287 -1.78808 -2.76645 37.2772 -131.15 0 0 0 0 0 0 0 1 0 1 0 
Thu Aug 09 2018 17:33:13 0.1563 -18.374 -1.78383 -2.76735 36.4599 -131.447 0 0 0 0 0 0 0 1 0 1 0 
