0.329994
0.005379
0.005562
0.005394
0.005608
0.005393
0.005580
0.005393
0.005546
0.005612
0.005355
0.005392
0.005609
0.005393
0.005405
0.005685
0.005395
0.005635
0.005562
0.005478
0.005394
0.005555
0.005392
0.005558
0.005393
0.005555
0.005393
0.005562
0.005393
0.005554
0.005393
0.005556
0.005393
0.005558
0.005400
0.005516
0.005393
0.005631
0.005392
0.005512
0.005393
0.005617
0.005394
0.005566
0.005398
0.005480
0.005398
0.005552
0.005392
0.005563
0.005392
0.005556
0.005394
0.005554
0.005392
0.005557
0.005393
0.005555
0.005393
0.005558
0.005392
0.005621
0.005392
0.005498
0.005392
0.005555
0.005392
0.005559
0.005196
0.005214
0.005393
0.005663
0.005393
0.005569
0.005393
0.005567
0.005391
0.005640
0.005393
0.005564
0.005392
0.005616
0.005393
0.005470
0.005393
0.005581
0.005393
0.005529
0.005394
0.005561
0.005393
0.005607
0.005393
0.005325
0.005393
0.005540
0.005392
0.005558
0.005395
0.005557
0.005393
0.005603
0.005281
0.005548
0.005393
0.005557
0.005394
0.353613
0.005342
0.005340
0.005559
0.006027
0.005442
0.005240
0.005371
0.005623
0.005393
0.005485
0.005393
0.005556
0.005393
0.005557
0.005393
0.005608
0.005393
0.005441
0.005394
0.005620
0.005394
0.005328
0.005391
0.005545
0.005393
0.005603
0.005395
0.005436
0.005394
0.005554
0.005393
0.005556
0.005392
0.005568
0.005392
0.005596
0.005559
0.005286
0.005394
0.005537
0.005393
0.005622
0.005392
0.005503
0.005392
0.005720
0.005394
0.005390
0.005393
0.005559
0.005395
0.005542
0.005393
0.005701
0.005394
0.005468
0.005393
0.005434
0.005395
0.005555
0.005394
0.005553
0.005393
0.005559
0.005395
0.005605
0.005393
0.005382
0.005392
0.005550
0.005393
0.005556
0.005394
0.005561
0.005393
0.005603
0.005393
0.005440
0.005393
0.005553
0.005394
0.005561
0.005393
0.005631
0.005394
0.005528
0.005394
0.005440
0.005393
0.005559
0.005471
0.005480
0.005394
0.005551
0.005394
0.005603
0.005393
0.005438
0.005393
0.005575
0.005394
0.005537
0.005394
0.005729
0.005394
0.005444
0.005394
0.005421
0.336088
0.005393
0.005278
0.005392
0.005536
0.005393
0.005556
0.005211
0.005648
0.005392
0.005568
0.005395
0.005572
0.005494
0.005526
0.005392
0.005552
0.005391
0.005564
0.005393
0.005551
0.005392
0.005554
0.005393
0.005379
0.005393
0.005576
0.005393
0.005570
0.005392
0.005487
0.005392
0.005609
0.005392
0.005568
0.005393
0.005568
0.005392
0.005568
0.005472
0.005566
0.005392
0.005564
0.005394
0.005565
0.005392
0.005568
0.005395
0.005568
0.005392
0.005567
0.005392
0.005554
0.005392
0.005565
0.005393
0.005559
0.005391
0.005559
0.005393
0.005555
0.005392
0.005562
0.005392
0.005555
0.005392
0.005556
0.005399
0.005521
0.005393
0.005557
0.005392
0.005632
0.005391
0.005480
0.005391
0.005558
0.005393
0.005553
0.005392
0.005694
0.005391
0.005424
0.005393
0.005558
0.005392
0.005559
0.005392
0.005556
0.005393
0.005559
0.005212
0.005567
0.005391
0.005565
0.005391
0.005577
0.005268
0.005609
0.005393
0.005576
0.005392
0.005575
0.005393
0.005571
0.005391
0.005567
0.005392
0.005562
0.005390
0.005566
0.005392
0.344898
0.005202
0.005394
0.005201
0.005393
0.005346
0.005392
0.005654
0.005393
0.005364
0.005393
0.005534
0.005392
0.005546
0.005392
0.005554
0.005393
0.005593
0.005393
0.005430
0.005393
0.005557
0.005393
0.005534
0.005391
0.005546
0.005392
0.005599
0.005393
0.005525
0.005393
0.005443
0.005401
0.005543
0.005391
0.005550
0.005393
0.005596
0.005393
0.005425
0.005392
0.005546
0.005393
0.005545
0.005392
0.005548
0.005212
0.005629
0.005393
0.005569
0.005393
0.005560
0.005393
0.005617
0.005392
0.005478
0.005393
0.005660
0.005393
0.005377
0.005393
0.005534
0.005393
0.005552
0.005391
0.005552
0.005394
0.005594
0.005392
0.005432
0.005393
0.005556
0.005392
0.005538
0.005393
0.005542
0.005392
0.005605
0.005393
0.005585
0.005393
0.005461
0.005392
0.005476
0.005394
0.005546
0.005393
0.005606
0.005393
0.005428
0.005393
0.005549
0.005394
0.005543
0.005394
0.005546
0.005463
0.005526
0.005394
0.005422
0.005393
0.005549
0.005393
0.005546
0.005395
0.005548
0.005393
0.005460
0.005393
0.005558
0.005394
0.344853
0.006112
0.005369
0.005591
0.005393
0.005693
0.005394
0.005649
0.005394
0.005640
0.005274
0.005637
0.005392
0.005641
0.005393
0.005483
0.005394
0.005420
0.005394
0.005541
0.005394
0.005541
0.005393
0.005602
0.005393
0.005487
0.005393
0.005613
0.005394
0.005475
0.005393
0.005548
0.005393
0.005538
0.005392
0.005622
0.005393
0.005467
0.005391
0.005546
0.005393
0.005539
0.005394
0.005546
0.005393
0.005681
0.005393
0.005409
0.005393
0.005543
0.005393
0.005544
0.005393
0.005544
0.005392
0.005546
0.005472
0.005465
0.005393
0.005546
0.005392
0.005542
0.005212
0.005644
0.005393
0.005636
0.005394
0.005500
0.005393
0.005541
0.005393
0.005544
0.005393
0.005544
0.005393
0.005545
0.005394
0.005540
0.005393
0.005395
0.005393
0.005644
0.005392
0.005637
0.005399
0.005488
0.005394
0.005544
0.005394
0.005546
0.005392
0.005545
0.005393
0.005545
0.005394
0.005544
0.005393
0.005553
0.005393
0.005610
0.005394
0.005462
0.005394
0.005543
0.005393
0.005543
0.005393
0.005543
0.005392
0.005548
0.334531
0.005169
0.005459
0.005187
0.005694
0.005179
0.005402
0.005204
0.005392
0.005267
0.005394
0.005381
0.005402
0.005394
0.005398
0.005395
0.005393
0.005393
0.005395
0.005612
0.005393
0.005658
0.005392
0.005574
0.005392
0.005563
0.005392
0.005568
0.005393
0.005564
0.005393
0.005620
0.005392
0.005445
0.005392
0.005556
0.005392
0.005552
0.005394
0.005555
0.005392
0.005603
0.005388
0.005439
0.005392
0.005626
0.005392
0.005660
0.005400
0.005383
0.005393
0.005596
0.005393
0.005439
0.005393
0.005566
0.005392
0.005540
0.005393
0.005553
0.005393
0.005601
0.005394
0.005442
0.005393
0.005540
0.005393
0.005556
0.005392
0.005551
0.005394
0.005610
0.005400
0.005427
0.005393
0.005554
0.005392
0.005556
0.005391
0.005553
0.005392
0.005736
0.005393
0.005318
0.005393
0.005543
0.005393
0.005553
0.005391
0.005557
0.005393
0.005604
0.005393
0.005436
0.005394
0.005556
0.005392
0.005563
0.005261
0.005573
0.005394
0.005617
0.005393
0.005539
0.005393
0.005559
0.005394
0.005542
0.005392
0.005628
0.005393
0.005535
0.340085
0.005399
0.005212
0.005397
0.005402
0.005397
0.005594
0.005398
0.005475
0.005397
0.005608
0.005394
0.005436
0.005392
0.005555
0.005392
0.005551
0.005391
0.005557
0.005392
0.005606
0.005392
0.005444
0.005392
0.005560
0.005392
0.005371
0.005392
0.005529
0.005392
0.005611
0.005393
0.005431
0.005392
0.005556
0.005393
0.005561
0.005392
0.005552
0.005392
0.005611
0.005393
0.005432
0.005392
0.005555
0.005393
0.005554
0.005393
0.005563
0.005392
0.005601
0.005394
0.005305
0.005392
0.005553
0.005392
0.005539
0.005393
0.005562
0.005393
0.005553
0.005392
0.005558
0.005393
0.005552
0.005393
0.005555
0.005393
0.005556
0.005393
0.005625
0.005393
0.005486
0.005393
0.005550
0.005401
0.005564
0.005392
0.005538
0.005393
0.005559
0.005393
0.005554
0.005393
0.005559
0.005393
0.005559
0.005393
0.005558
0.005393
0.005561
0.005394
0.005552
0.005395
0.005373
0.005393
0.005542
0.005394
0.005554
0.005392
0.005556
0.005394
0.005620
0.005393
0.005488
0.005394
0.005556
0.005392
0.005561
0.005393
0.005375
0.328555
0.005621
0.005375
0.005883
0.005393
0.005566
0.005392
0.005565
0.005393
0.005563
0.005394
0.005566
0.005393
0.005564
0.005394
0.005634
0.005394
0.005595
0.005394
0.005498
0.005393
0.005550
0.005393
0.005552
0.005394
0.005555
0.005393
0.005553
0.005620
0.005409
0.005394
0.005480
0.005394
0.005546
0.005393
0.005549
0.005393
0.005558
0.005394
0.005550
0.005394
0.005553
0.005393
0.005551
0.005393
0.005590
0.005393
0.005517
0.005393
0.005552
0.005393
0.005611
0.005394
0.005491
0.005392
0.005570
0.005196
0.005149
0.005390
0.005398
0.005394
0.005397
0.005393
0.005713
0.005394
0.005631
0.005392
0.005526
0.005393
0.005608
0.005394
0.005433
0.005395
0.005567
0.005395
0.005531
0.005391
0.005629
0.005394
0.005528
0.005393
0.005434
0.005395
0.005549
0.005394
0.005557
0.005393
0.005554
0.005394
0.005596
0.005393
0.005442
0.005394
0.005546
0.005394
0.005709
0.005392
0.005397
0.005393
0.005599
0.005394
0.005438
0.005401
0.005393
0.005393
0.005552
0.005393
0.005550
0.005393
0.005605
0.005393
0.005429
0.005393
0.338416
0.005395
0.005209
0.005394
0.005417
0.005394
0.005419
0.005394
0.005555
0.005392
0.005556
0.005394
0.005553
0.005392
0.005607
0.005393
0.005438
0.005394
0.005546
0.005394
0.005570
0.005395
0.005540
0.005394
0.005606
0.005402
0.005315
0.005394
0.005586
0.005393
0.005506
0.005393
0.005552
0.005215
0.005768
0.005394
0.005517
0.005392
0.005570
0.005393
0.005538
0.005394
0.005552
0.005393
0.005604
0.005213
0.005630
0.005392
0.005535
0.005394
0.005637
0.005394
0.005473
0.005393
0.005601
0.005394
0.005436
0.005393
0.005551
0.005394
0.005553
0.005394
0.005608
0.005393
0.005542
0.005393
0.005509
0.005393
0.005477
0.005401
0.005546
0.005393
0.005552
0.005393
0.005604
0.005393
0.005433
0.005394
0.005554
0.005393
0.005554
0.005393
0.005551
0.005394
0.005606
0.005393
0.005434
0.005394
0.005567
0.005394
0.005539
0.005393
0.005559
0.005394
0.005598
0.005401
0.005428
0.005393
0.005554
0.005394
0.005555
0.005393
0.005556
0.005394
0.005551
0.005396
0.005548
0.005394
0.005551
0.005393
0.005555
0.005394
0.348897
0.005416
0.005341
0.005645
0.005392
0.005621
0.005393
0.005566
0.005393
0.005566
0.007917
0.005540
0.005150
0.005373
0.005612
0.005397
0.005227
0.005399
0.005427
0.005398
0.005547
0.005394
0.005554
0.005393
0.005550
0.005394
0.005554
0.005394
0.005546
0.005468
0.005480
0.005393
0.005563
0.005393
0.005539
0.005393
0.005553
0.005393
0.005553
0.005393
0.005551
0.005392
0.005557
0.005393
0.005555
0.005394
0.005553
0.005392
0.005738
0.005393
0.005238
0.005394
0.005531
0.005393
0.005628
0.005393
0.005480
0.005393
0.005613
0.005393
0.005492
0.005394
0.005527
0.005393
0.005551
0.005393
0.005388
0.005393
0.005542
0.005394
0.005550
0.005393
0.005551
0.005394
0.005552
0.005393
0.005555
0.005392
0.005552
0.005393
0.005555
0.005393
0.005689
0.005394
0.005420
0.005393
0.005547
0.005401
0.005546
0.005394
0.005547
0.005394
0.005550
0.005394
0.005548
0.005393
0.005553
0.005394
0.005555
0.005394
0.005548
0.005394
0.005551
0.005392
0.005551
0.005391
0.005559
0.005392
0.005602
0.349829
0.005250
0.005399
0.005574
0.005394
0.005616
0.005393
0.005535
0.005399
0.005369
0.005394
0.005590
0.005393
0.005435
0.005395
0.005552
0.005393
0.005627
0.005394
0.005475
0.005472
0.005531
0.005394
0.005432
0.005394
0.005557
0.005393
0.005549
0.005395
0.005406
0.005394
0.005601
0.005559
0.005285
0.005393
0.005560
0.005393
0.005537
0.005393
0.005557
0.005393
0.005611
0.005394
0.005432
0.005546
0.005405
0.005400
0.005546
0.005394
0.005684
0.005394
0.005478
0.005393
0.005435
0.005393
0.005554
0.005393
0.005557
0.005394
0.005550
0.005392
0.005605
0.005394
0.005431
0.005393
0.005550
0.005394
0.005558
0.005392
0.005555
0.005395
0.005667
0.005394
0.005380
0.005394
0.005543
0.005394
0.005553
0.005393
0.005554
0.005394
0.005731
0.005395
0.005378
0.005394
0.005553
0.005393
0.005543
0.005393
0.005563
0.005393
0.005595
0.005394
0.005435
0.005394
0.005549
0.005470
0.005480
0.005393
0.005551
0.005392
0.005604
0.005394
0.005435
0.005394
0.005553
0.005393
0.005556
0.005393
0.005558
0.343759
0.005372
0.006237
0.005528
0.005394
0.005563
0.005393
0.005556
0.005393
0.005559
0.005395
0.005549
0.005526
0.005425
0.005393
0.005551
0.005393
0.005558
0.005393
0.005555
0.005393
0.005558
0.005393
0.005553
0.005392
0.005559
0.005393
0.005558
0.005392
0.005557
0.005392
0.005567
0.005392
0.005544
0.005392
0.005557
0.005394
0.005554
0.005394
0.005554
0.005393
0.005565
0.005393
0.005625
0.005394
0.005482
0.005393
0.005550
0.005394
0.005560
0.005392
0.005381
0.005393
0.005543
0.005393
0.005552
0.005392
0.005554
0.005392
0.005556
0.005398
0.005550
0.005392
0.005555
0.005394
0.005550
0.005393
0.005694
0.005393
0.005415
0.005394
0.005550
0.005394
0.005556
0.005394
0.005554
0.005394
0.005553
0.005394
0.005689
0.005394
0.005420
0.005394
0.005553
0.005394
0.005553
0.005394
0.005550
0.005470
0.005479
0.005393
0.005553
0.005393
0.005556
0.005394
0.005550
0.005393
0.005553
0.005394
0.005557
0.005393
0.005553
0.005394
0.005572
0.005394
0.005542
0.005393
0.005629
0.005392
0.005477
0.327494
0.005361
0.005904
0.005393
0.005567
0.005394
0.005440
0.005394
0.005381
0.005395
0.005419
0.005393
0.005559
0.005393
0.005553
0.005393
0.005550
0.005470
0.005532
0.005393
0.005437
0.005393
0.005572
0.005393
0.005537
0.005394
0.005556
0.005392
0.005606
0.005393
0.005435
0.005391
0.005554
0.005392
0.005561
0.005393
0.005545
0.005393
0.005606
0.005394
0.005324
0.005392
0.005609
0.005393
0.005492
0.005394
0.005549
0.005393
0.005613
0.005393
0.005434
0.005392
0.005630
0.005393
0.005478
0.005393
0.005552
0.005393
0.005610
0.005393
0.005433
0.005393
0.005553
0.005392
0.005550
0.005392
0.005556
0.005392
0.005671
0.005394
0.005377
0.005394
0.005559
0.005394
0.005534
0.005392
0.005558
0.005393
0.005602
0.005394
0.005436
0.005393
0.005552
0.005392
0.005555
0.005392
0.005549
0.005392
0.005610
0.005394
0.005434
0.005394
0.005552
0.005471
0.005482
0.005391
0.005563
0.005394
0.005595
0.005393
0.005439
0.005394
0.005549
0.005393
0.005555
0.005392
0.005555
0.005393
0.005605
0.005394
0.005435
0.005393
0.005559
0.005394
0.332501
0.005169
0.005623
0.005200
0.005393
0.005201
0.005394
0.005320
0.005393
0.005535
0.005393
0.005546
0.005393
0.005600
0.005392
0.005433
0.005394
0.005557
0.005392
0.005555
0.005393
0.005557
0.005393
0.005609
0.005394
0.005430
0.005393
0.005556
0.005393
0.005558
0.005473
0.005475
0.005393
0.005742
0.005394
0.005273
0.005392
0.005593
0.005394
0.005482
0.005393
0.005557
0.005393
0.005554
0.005393
0.005556
0.005393
0.005555
0.005394
0.005557
0.005393
0.005556
0.005393
0.005559
0.005394
0.005557
0.005393
0.005622
0.005393
0.005505
0.005393
0.005547
0.005393
0.005529
0.005394
0.005554
0.005393
0.005554
0.005394
0.005556
0.005393
0.005614
0.005393
0.005498
0.005394
0.005552
0.005393
0.005558
0.005394
0.005554
0.005393
0.005559
0.005394
0.005612
0.005394
0.005556
0.005394
0.005502
0.005397
0.005542
0.005393
0.005554
0.005394
0.005553
0.005393
0.005563
0.005393
0.005630
0.005394
0.005484
0.007210
0.005662
0.005379
0.005375
0.005608
0.005397
0.005205
0.005398
0.005391
0.005397
0.005549
0.005392
0.334347
0.005342
0.005227
0.005608
0.005200
0.005393
0.005438
0.005394
0.005556
0.005393
0.005559
0.005394
0.005567
0.005393
0.005545
0.005393
0.005556
0.005392
0.005558
0.005393
0.005555
0.005399
0.005550
0.005392
0.005558
0.005392
0.005555
0.005394
0.005552
0.005393
0.005555
0.005393
0.005556
0.005393
0.005388
0.005393
0.005570
0.005197
0.005146
0.005388
0.005396
0.005392
0.005396
0.005393
0.005786
0.005392
0.005628
0.005394
0.005511
0.005393
0.005605
0.005394
0.005327
0.005393
0.005563
0.005393
0.005536
0.005393
0.005557
0.005394
0.005604
0.005392
0.005438
0.005393
0.005554
0.005395
0.005554
0.005528
0.005419
0.005394
0.005614
0.005393
0.005427
0.005394
0.005549
0.005394
0.005555
0.005392
0.005555
0.005394
0.005604
0.005393
0.005435
0.005395
0.005553
0.005394
0.005551
0.005392
0.005555
0.005393
0.005611
0.005394
0.005431
0.005392
0.005556
0.005470
0.005479
0.005392
0.005558
0.005393
0.005611
0.005393
0.005441
0.005395
0.005567
0.005393
0.005540
0.005393
0.005629
0.005393
0.005530
0.005394
0.005440
0.330938
0.005424
0.005126
0.005358
0.005483
0.005149
0.005390
0.005203
0.005403
0.005765
0.005398
0.005472
0.005398
0.005542
0.005392
0.005561
0.005393
0.005555
0.005393
0.005607
0.005391
0.005574
0.005393
0.005422
0.005393
0.005550
0.005393
0.005563
0.005392
0.005608
0.005392
0.005438
0.005391
0.005567
0.005393
0.005384
0.005392
0.005554
0.005333
0.005614
0.005392
0.005509
0.005392
0.005552
0.005391
0.005557
0.005392
0.005555
0.005391
0.005610
0.005393
0.005437
0.005392
0.005574
0.005394
0.005353
0.005393
0.005640
0.005393
0.005618
0.005390
0.005535
0.005393
0.005562
0.005393
0.005554
0.005390
0.005560
0.007290
0.005542
0.005165
0.005374
0.006138
0.005394
0.005197
0.005394
0.005436
0.005392
0.005560
0.005394
0.005559
0.005392
0.005604
0.005394
0.005305
0.005393
0.005556
0.005393
0.005543
0.005392
0.005630
0.005394
0.005485
0.005393
0.005557
0.005392
0.005569
0.005393
0.005550
0.005393
0.005557
0.005392
0.005561
0.005392
0.005556
0.007404
0.005542
0.005162
0.005373
0.005519
0.005474
0.005640
0.332943
0.005186
0.005347
0.005580
0.005136
0.005851
0.005399
0.005568
0.005393
0.005565
0.005392
0.005566
0.005392
0.005563
0.005394
0.005565
0.005392
0.005630
0.005337
0.005564
0.005392
0.005566
0.005394
0.005553
0.005393
0.005565
0.005394
0.005552
0.005393
0.005556
0.005395
0.005630
0.005393
0.005482
0.005394
0.005402
0.005392
0.005634
0.005394
0.005632
0.005393
0.005548
0.005394
0.005561
0.005393
0.005426
0.005470
0.005480
0.005393
0.005552
0.005393
0.005561
0.005392
0.005559
0.005393
0.005594
0.005393
0.005520
0.005393
0.005619
0.005394
0.005471
0.005394
0.005551
0.005394
0.005558
0.005394
0.005557
0.005393
0.005558
0.005394
0.005556
0.005212
0.005645
0.005402
0.005634
0.005393
0.005629
0.005394
0.005494
0.005393
0.005550
0.005394
0.005552
0.005393
0.005560
0.005195
0.005644
0.005393
0.005761
0.005394
0.005453
0.005393
0.005556
0.005394
0.005629
0.005392
0.005484
0.005394
0.005667
0.005395
0.005376
0.005393
0.005560
0.005393
0.005546
0.005393
0.005555
0.005394
0.005609
0.005395
0.005436
0.005396
0.343745
0.005380
0.005135
0.005596
0.005156
0.005392
0.005204
0.005393
0.005204
0.005395
0.005175
0.005393
0.005315
0.005393
0.005546
0.005393
0.005555
0.005393
0.005405
0.005394
0.005467
0.005393
0.005633
0.005393
0.005499
0.005401
0.005547
0.005394
0.005556
0.005393
0.005610
0.005392
0.005437
0.005393
0.005627
0.005393
0.005560
0.005394
0.005490
0.005393
0.005601
0.005394
0.005435
0.005393
0.005557
0.005394
0.005553
0.005393
0.005556
0.005393
0.005609
0.005400
0.005433
0.005394
0.005612
0.005394
0.005495
0.005393
0.005556
0.005393
0.005605
0.005393
0.005441
0.005393
0.005557
0.005394
0.005556
0.005392
0.005572
0.005393
0.005592
0.005393
0.005439
0.005393
0.005553
0.005393
0.005624
0.005392
0.005489
0.005393
0.005609
0.005394
0.005437
0.005393
0.005569
0.005394
0.005392
0.005392
0.005555
0.005393
0.005608
0.005393
0.005435
0.005395
0.005555
0.005394
0.005553
0.005391
0.005560
0.005392
0.005743
0.005530
0.005316
0.005393
0.005477
0.005393
0.005559
0.005393
0.005560
0.005394
0.005603
0.336104
0.005392
0.005245
0.005393
0.005290
0.005392
0.005548
0.005394
0.005554
0.005395
0.005558
0.005392
0.005552
0.005393
0.005561
0.005392
0.005554
0.005400
0.005548
0.005393
0.005697
0.005390
0.005425
0.005392
0.005630
0.005392
0.005484
0.005392
0.005569
0.005393
0.005546
0.005393
0.005561
0.005393
0.005552
0.005393
0.005560
0.005391
0.005556
0.005393
0.005385
0.005393
0.005554
0.005393
0.005559
0.005392
0.005565
0.005392
0.005549
0.005393
0.005559
0.005393
0.005555
0.005394
0.005557
0.005392
0.005696
0.005393
0.005426
0.005393
0.005554
0.005391
0.005557
0.005392
0.005558
0.005392
0.005559
0.005392
0.005560
0.005392
0.005557
0.005392
0.005561
0.005277
0.005631
0.005393
0.005573
0.005393
0.005563
0.005393
0.005563
0.005392
0.005565
0.005393
0.005557
0.005393
0.005680
0.005394
0.005505
0.005392
0.005484
0.005393
0.005555
0.005393
0.005559
0.005393
0.005556
0.005392
0.005556
0.005392
0.005558
0.005393
0.005552
0.005394
0.005625
0.005392
0.005491
0.005393
0.005557
0.005395
0.005556
0.005393
0.354254
0.005402
0.005487
0.005439
0.005606
0.005394
0.005285
0.005394
0.005423
0.005394
0.005423
0.005393
0.005556
0.005394
0.005553
0.005469
0.005480
0.005392
0.005605
0.005393
0.005435
0.005393
0.005557
0.005393
0.005557
0.005393
0.005550
0.005394
0.005613
0.005394
0.005430
0.005393
0.005577
0.005394
0.005531
0.005393
0.005556
0.005392
0.005607
0.005392
0.005437
0.005401
0.005547
0.005393
0.005554
0.005394
0.005554
0.005393
0.005603
0.005392
0.005438
0.005392
0.005553
0.005393
0.005553
0.005391
0.005528
0.005393
0.005607
0.005395
0.005439
0.005394
0.005551
0.005394
0.005557
0.005392
0.005552
0.005401
0.005601
0.005394
0.005507
0.005394
0.005480
0.005393
0.005556
0.005393
0.005557
0.005394
0.005610
0.005394
0.005431
0.005394
0.005570
0.005394
0.005538
0.005393
0.005560
0.005394
0.005602
0.005393
0.005440
0.005393
0.005565
0.005393
0.005547
0.005392
0.005558
0.005394
0.005602
0.005393
0.005440
0.005393
0.005383
0.005392
0.005554
0.005392
0.005554
0.005393
0.005604
0.335358
0.005345
0.005905
0.005393
0.005695
0.005400
0.005287
0.005392
0.005524
0.005396
0.005541
0.005393
0.005545
0.005393
0.005600
0.005393
0.005291
0.005394
0.005548
0.005393
0.005529
0.005394
0.005542
0.005394
0.005544
0.005394
0.005547
0.005393
0.005542
0.005395
0.005545
0.005400
0.005535
0.005394
0.005547
0.005393
0.005615
0.005394
0.005470
0.005393
0.005536
0.005394
0.005544
0.005393
0.005543
0.005394
0.005541
0.005393
0.005544
0.005394
0.005545
0.005393
0.005539
0.005394
0.005486
0.005392
0.005478
0.005394
0.005513
0.005470
0.005466
0.005393
0.005542
0.005394
0.005540
0.005393
0.005543
0.005393
0.005539
0.005394
0.005539
0.005395
0.005543
0.005394
0.005594
0.005394
0.005481
0.005394
0.005542
0.005393
0.005544
0.005394
0.005542
0.005393
0.005543
0.005394
0.005544
0.005393
0.005545
0.005471
0.005467
0.005393
0.005543
0.005394
0.005540
0.005392
0.005542
0.005394
0.005544
0.005393
0.005620
0.005394
0.005460
0.005393
0.005549
0.005394
0.005542
0.005393
0.005545
0.005393
0.005538
0.005394
0.333340
0.005341
0.005462
0.005132
0.005625
0.005144
0.005397
0.005203
0.005393
0.005238
0.005394
0.005535
0.005395
0.005557
0.005393
0.005555
0.005393
0.005556
0.005197
0.005144
0.005389
0.005397
0.005393
0.005680
0.005392
0.005628
0.005391
0.005628
0.005400
0.005526
0.005393
0.005605
0.005393
0.005437
0.005395
0.005572
0.005392
0.005539
0.005393
0.005688
0.005393
0.005475
0.005393
0.005441
0.005393
0.005556
0.005394
0.005557
0.005394
0.005554
0.005394
0.005607
0.005393
0.005439
0.005392
0.005566
0.005213
0.005636
0.005393
0.005633
0.005394
0.005604
0.005393
0.005508
0.005393
0.005483
0.005394
0.005555
0.005392
0.005561
0.005392
0.005612
0.005393
0.005438
0.005394
0.005556
0.005393
0.005554
0.005392
0.005625
0.005393
0.005540
0.005394
0.005435
0.005394
0.005569
0.005393
0.005546
0.005393
0.005560
0.005393
0.005606
0.005393
0.005438
0.005393
0.005553
0.005393
0.005557
0.005393
0.005558
0.005393
0.005608
0.005393
0.005436
0.005394
0.005553
0.005523
0.005429
0.005393
0.005611
0.005393
0.005554
0.005396
0.326721
0.005344
0.005185
0.005376
0.005454
0.005398
0.005332
0.005212
0.005574
0.005647
0.005433
0.005394
0.005592
0.005394
0.005538
0.005393
0.005445
0.005392
0.005525
0.005394
0.005550
0.005470
0.005516
0.005394
0.005420
0.005394
0.005551
0.005392
0.005542
0.005393
0.005542
0.005393
0.005596
0.005393
0.005421
0.005393
0.005548
0.005392
0.005547
0.005393
0.005532
0.005394
0.005596
0.005393
0.005258
0.005393
0.005537
0.005393
0.005532
0.005393
0.005543
0.005394
0.005593
0.005393
0.005438
0.005393
0.005533
0.005392
0.005535
0.005392
0.005547
0.005393
0.005591
0.005392
0.005429
0.005393
0.005555
0.005392
0.005604
0.005393
0.005471
0.005394
0.005549
0.005394
0.005536
0.005394
0.005538
0.005394
0.005543
0.005394
0.005539
0.005394
0.005548
0.005393
0.005541
0.005393
0.005542
0.005393
0.005542
0.005393
0.005548
0.005394
0.005547
0.005393
0.005541
0.005393
0.005542
0.005393
0.005543
0.005394
0.005545
0.005401
0.005533
0.005396
0.005544
0.005394
0.005548
0.005393
0.005552
0.005394
0.005557
0.005393
0.005548
0.336025
0.005346
0.005644
0.005374
0.005391
0.005148
0.005397
0.005393
0.005395
0.005393
0.005616
0.005392
0.005682
0.005392
0.005567
0.005391
0.005566
0.005393
0.005567
0.005393
0.005568
0.005391
0.005564
0.005391
0.005567
0.005393
0.005701
0.005394
0.005499
0.005392
0.005558
0.005393
0.005622
0.005391
0.005490
0.005393
0.005562
0.005392
0.005548
0.005418
0.005529
0.005392
0.005554
0.005393
0.005558
0.005392
0.005556
0.005393
0.005555
0.005392
0.005564
0.005392
0.005549
0.005392
0.005556
0.005393
0.005558
0.005392
0.005401
0.005392
0.005560
0.005391
0.005732
0.005394
0.005389
0.005391
0.005544
0.005392
0.005563
0.005392
0.005551
0.005392
0.005574
0.005392
0.005772
0.005392
0.005409
0.005392
0.005475
0.005393
0.005557
0.005392
0.005558
0.005393
0.005671
0.005392
0.005385
0.005394
0.005544
0.005392
0.005556
0.005434
0.005516
0.005500
0.005502
0.005394
0.005432
0.005392
0.005560
0.005392
0.005553
0.005392
0.005554
0.005393
0.005612
0.005392
0.005437
0.005393
0.005558
0.005392
0.005543
0.005394
0.005562
0.345095
0.005593
0.005394
0.005576
0.005393
0.005569
0.005393
0.005527
0.005399
0.005382
0.005394
0.005597
0.005393
0.005432
0.005393
0.005635
0.005393
0.005475
0.005392
0.005554
0.005393
0.005611
0.005393
0.005430
0.005392
0.005397
0.005393
0.005553
0.005391
0.005560
0.005394
0.005605
0.005392
0.005442
0.005400
0.005557
0.005392
0.005554
0.005391
0.005561
0.005392
0.005748
0.005393
0.005309
0.005392
0.005549
0.005393
0.005556
0.005391
0.005561
0.005393
0.005608
0.005393
0.005443
0.005392
0.005561
0.005392
0.005564
0.005400
0.005416
0.005392
0.005611
0.005393
0.005436
0.005393
0.005572
0.005392
0.005545
0.005392
0.005556
0.005393
0.005613
0.005392
0.005438
0.005392
0.005562
0.005393
0.005553
0.005392
0.005632
0.005393
0.005533
0.005393
0.005439
0.005394
0.005567
0.005392
0.005544
0.005393
0.005562
0.005393
0.005606
0.005391
0.005324
0.005392
0.005543
0.005392
0.005559
0.005392
0.005560
0.005393
0.005609
0.005393
0.005438
0.005393
0.005555
0.005392
0.005562
0.005392
0.005620
0.331583
0.005342
0.005736
0.005582
0.005370
0.005492
0.005145
0.005468
0.005204
0.005394
0.005198
0.005394
0.005486
0.005395
0.005568
0.005394
0.005541
0.005393
0.005557
0.005394
0.005551
0.005393
0.005556
0.005395
0.005552
0.005393
0.005557
0.005394
0.005550
0.005393
0.005556
0.005394
0.005560
0.005393
0.005554
0.005393
0.005630
0.005394
0.005486
0.005393
0.005555
0.005526
0.005421
0.005393
0.005633
0.005394
0.005479
0.005394
0.005555
0.005394
0.005559
0.005394
0.005552
0.005394
0.005554
0.005394
0.005523
0.005392
0.005597
0.005394
0.005508
0.005394
0.005559
0.005393
0.005550
0.005393
0.005568
0.005394
0.005551
0.005393
0.005550
0.005393
0.005558
0.005393
0.005552
0.005212
0.005634
0.005213
0.005680
0.005392
0.005631
0.005393
0.005633
0.005393
0.005550
0.005394
0.005556
0.005394
0.005550
0.005393
0.005557
0.005393
0.005552
0.005393
0.005609
0.005470
0.005423
0.005393
0.005559
0.005393
0.005553
0.005394
0.005554
0.005393
0.005559
0.005394
0.005565
0.005393
0.005619
0.005393
0.005477
0.005392
0.338226
0.005342
0.005443
0.005129
0.005531
0.005150
0.005392
0.005480
0.005396
0.005203
0.005392
0.005204
0.005395
0.005197
0.005394
0.005269
0.005393
0.005549
0.005394
0.005542
0.005391
0.005563
0.005392
0.005599
0.005394
0.005301
0.005394
0.005675
0.005394
0.005563
0.005392
0.005559
0.005395
0.005601
0.005394
0.005443
0.005394
0.005549
0.005393
0.005554
0.005393
0.005557
0.005393
0.005604
0.005393
0.005304
0.005470
0.005466
0.005393
0.005560
0.005392
0.005601
0.005393
0.005557
0.005392
0.005436
0.005392
0.005560
0.005393
0.005613
0.005392
0.005497
0.005393
0.005468
0.005394
0.005429
0.005394
0.005573
0.005393
0.005537
0.005394
0.005556
0.005394
0.005615
0.005393
0.005424
0.005394
0.005554
0.005534
0.005411
0.005395
0.005555
0.005393
0.005601
0.005393
0.005445
0.005393
0.005552
0.005394
0.005559
0.005393
0.005630
0.005394
0.005531
0.005392
0.005439
0.005395
0.005556
0.005393
0.005567
0.005393
0.005548
0.005393
0.005612
0.005393
0.005431
0.005394
0.005554
0.005393
0.005611
0.005393
0.005498
0.329116
0.005582
0.005129
0.005371
0.005142
0.005392
0.005391
0.005395
0.005531
0.005394
0.005553
0.005394
0.005550
0.005394
0.005343
0.005394
0.005635
0.005394
0.005580
0.005398
0.005472
0.005398
0.005546
0.005394
0.005550
0.005394
0.005547
0.005394
0.005551
0.005393
0.005554
0.005393
0.005550
0.005392
0.005552
0.005392
0.005561
0.005393
0.005547
0.005393
0.005552
0.005393
0.005553
0.005392
0.005362
0.005393
0.005575
0.007486
0.005544
0.005153
0.005374
0.005890
0.005394
0.005302
0.005392
0.005436
0.005394
0.005548
0.005394
0.005554
0.005393
0.005549
0.005401
0.005557
0.005392
0.005539
0.005393
0.005554
0.005393
0.005551
0.005392
0.005550
0.005394
0.005550
0.005392
0.005626
0.005394
0.005481
0.005394
0.005542
0.005394
0.005560
0.005393
0.005546
0.005394
0.005549
0.005392
0.005551
0.005394
0.005554
0.005393
0.005550
0.005470
0.005479
0.005469
0.005480
0.005393
0.005562
0.005393
0.005412
0.005394
0.005544
0.005393
0.005554
0.005394
0.005553
0.005393
0.005553
0.005393
0.005651
0.005394
0.005383
0.005394
0.005632
0.352629
0.005267
0.005342
0.005824
0.005393
0.005564
0.005387
0.005565
0.005393
0.005425
0.005394
0.005640
0.005393
0.005716
0.005391
0.005405
0.005469
0.005493
0.005393
0.005591
0.005391
0.005441
0.005393
0.005555
0.005392
0.005554
0.005394
0.005549
0.005392
0.005605
0.005393
0.005447
0.005392
0.005547
0.005393
0.005555
0.005391
0.005552
0.005391
0.005611
0.005392
0.005438
0.005393
0.005564
0.005393
0.005543
0.005394
0.005557
0.005393
0.005606
0.005394
0.005420
0.005393
0.005544
0.005395
0.005546
0.005212
0.005579
0.005393
0.005719
0.005392
0.005483
0.005392
0.005572
0.005392
0.005419
0.005392
0.005555
0.005394
0.005603
0.005393
0.005430
0.005392
0.005553
0.005393
0.005631
0.005214
0.005564
0.005392
0.005615
0.005392
0.005516
0.005392
0.005558
0.005393
0.005554
0.005392
0.005554
0.005393
0.005608
0.005393
0.005431
0.005392
0.005361
0.005393
0.005584
0.005392
0.005566
0.005393
0.005620
0.005393
0.005563
0.005393
0.005565
0.005392
0.005552
0.005393
0.005555
0.005393
0.337450
0.005172
0.005392
0.005393
0.005394
0.005387
0.005394
0.005393
0.005394
0.005663
0.005572
0.005392
0.005673
0.005394
0.005544
0.005469
0.005477
0.005393
0.005609
0.005392
0.005436
0.005393
0.005555
0.005392
0.005551
0.005392
0.005560
0.005393
0.005605
0.005213
0.005565
0.005392
0.005579
0.005393
0.005567
0.005391
0.005567
0.005393
0.005608
0.005393
0.005436
0.005393
0.005613
0.005392
0.005492
0.005393
0.005551
0.005393
0.005553
0.005393
0.005555
0.005392
0.005558
0.005394
0.005550
0.005393
0.005551
0.005393
0.005558
0.005394
0.005624
0.005392
0.005592
0.005393
0.005441
0.005394
0.005741
0.005393
0.005378
0.005393
0.005553
0.005393
0.005545
0.005395
0.005551
0.005392
0.005557
0.005393
0.005549
0.005393
0.005551
0.005393
0.005555
0.005392
0.005552
0.005395
0.005552
0.005393
0.005552
0.005394
0.005556
0.005393
0.005552
0.005394
0.005552
0.005394
0.005550
0.005393
0.005551
0.005393
0.005563
0.005394
0.005546
0.005394
0.005553
0.005393
0.005551
0.005393
0.005552
0.005393
0.005549
0.005393
0.340254
0.005338
0.005607
0.005394
0.005393
0.005393
0.005394
0.005394
0.005392
0.005393
0.005393
0.005393
0.005613
0.005392
0.005610
0.005393
0.005606
0.005393
0.005567
0.005392
0.005567
0.005393
0.005570
0.005393
0.005568
0.005393
0.005473
0.005392
0.005574
0.005393
0.005568
0.005393
0.005573
0.005394
0.005567
0.005392
0.005567
0.005400
0.005567
0.005393
0.005565
0.005392
0.005563
0.005213
0.005612
0.005393
0.005574
0.005392
0.005574
0.005392
0.005569
0.005391
0.005565
0.005392
0.005618
0.005393
0.005542
0.005393
0.005555
0.005393
0.005559
0.005397
0.005554
0.005393
0.005736
0.005391
0.005383
0.005391
0.005546
0.005392
0.005561
0.005393
0.005552
0.005392
0.005608
0.005392
0.005434
0.005391
0.005561
0.005392
0.005559
0.005391
0.005558
0.005393
0.005606
0.005393
0.005434
0.005400
0.005550
0.005393
0.005550
0.005392
0.005555
0.005393
0.005607
0.005392
0.005439
0.005393
0.005575
0.005393
0.005539
0.005391
0.005560
0.005392
0.005607
0.005393
0.005526
0.005392
0.005469
0.005393
0.005555
0.333067
0.006306
0.005362
0.005697
0.005393
0.005576
0.005393
0.005571
0.005645
0.005433
0.005394
0.005602
0.005393
0.005307
0.005395
0.005554
0.005393
0.005547
0.005391
0.005545
0.005394
0.005604
0.005393
0.005434
0.005393
0.005555
0.005393
0.005553
0.005392
0.005555
0.005393
0.005605
0.005393
0.005441
0.005393
0.005549
0.005392
0.005554
0.005391
0.005555
0.005392
0.005605
0.005392
0.005434
0.005400
0.005548
0.005394
0.005651
0.005392
0.005528
0.005394
0.005532
0.005392
0.005430
0.005392
0.005554
0.005393
0.005551
0.005392
0.005554
0.005393
0.005602
0.005392
0.005436
0.005393
0.005570
0.005393
0.005538
0.005394
0.005621
0.005393
0.005538
0.005392
0.005450
0.005393
0.005543
0.005392
0.005553
0.005392
0.005552
0.005393
0.005602
0.005393
0.005431
0.005392
0.005550
0.005393
0.005557
0.005393
0.005550
0.005393
0.005612
0.005393
0.005427
0.005393
0.005622
0.005391
0.005357
0.005394
0.005415
0.005392
0.005551
0.005393
0.005550
0.005392
0.005637
0.005393
0.005471
0.005392
0.005558
0.005393
0.005549
0.348931
0.006285
0.005558
0.005393
0.005565
0.005394
0.005566
0.005393
0.005572
0.005214
0.005678
0.005393
0.005564
0.005393
0.005640
0.005394
0.005563
0.005393
0.005554
0.005394
0.005553
0.005393
0.005559
0.005393
0.005548
0.005395
0.007513
0.005994
0.005373
0.005191
0.005371
0.005927
0.005394
0.005220
0.005393
0.005479
0.005393
0.005447
0.005393
0.005526
0.005392
0.005530
0.005547
0.005386
0.005393
0.005625
0.005393
0.005421
0.005393
0.005488
0.005393
0.005527
0.005394
0.005525
0.005394
0.005526
0.005394
0.005526
0.005471
0.005571
0.005393
0.005411
0.005393
0.005519
0.005394
0.005534
0.005394
0.005521
0.005393
0.005530
0.005393
0.005523
0.005393
0.005526
0.005394
0.005524
0.005213
0.005631
0.005394
0.005518
0.005393
0.005548
0.005392
0.005556
0.005393
0.005550
0.005393
0.005553
0.005468
0.005492
0.005393
0.005547
0.005394
0.005406
0.005394
0.005723
0.005393
0.005331
0.005393
0.005615
0.005394
0.005482
0.005394
0.005551
0.005393
0.005605
0.005394
0.005429
0.005393
0.350408
0.005403
0.005324
0.005358
0.005700
0.005395
0.005241
0.005393
0.005432
0.005392
0.005555
0.005392
0.005601
0.005394
0.005451
0.005394
0.005539
0.005395
0.005624
0.005392
0.005483
0.005394
0.005604
0.005393
0.005436
0.005393
0.005613
0.005393
0.005489
0.005392
0.005552
0.005394
0.005604
0.005395
0.005427
0.005394
0.005552
0.005395
0.005548
0.005392
0.005556
0.005394
0.005605
0.005394
0.005435
0.005395
0.005630
0.005393
0.005474
0.005394
0.005552
0.005394
0.005668
0.005393
0.005371
0.005394
0.005543
0.005393
0.005551
0.005394
0.005551
0.005393
0.005604
0.005393
0.005440
0.005393
0.005549
0.005393
0.005555
0.005393
0.005548
0.005393
0.005602
0.005393
0.005427
0.005394
0.005557
0.005394
0.005674
0.005393
0.005486
0.005394
0.005678
0.005393
0.005372
0.005394
0.005545
0.005394
0.005550
0.005394
0.005553
0.005394
0.005601
0.005394
0.005434
0.005393
0.005566
0.005394
0.005532
0.005393
0.005558
0.005392
0.005602
0.005393
0.005505
0.005394
0.005479
0.005392
0.005549
0.005394
0.333966
0.005371
0.005606
0.005142
0.005577
0.005393
0.005567
0.005394
0.005568
0.005393
0.005568
0.005392
0.005564
0.005392
0.005565
0.005393
0.005565
0.005392
0.005568
0.005392
0.005566
0.005393
0.005568
0.005393
0.005637
0.005392
0.005487
0.005394
0.005615
0.005393
0.005488
0.005394
0.005555
0.005393
0.005546
0.005394
0.005559
0.005394
0.005546
0.005394
0.005553
0.005394
0.005547
0.005394
0.005553
0.005393
0.005551
0.005394
0.005550
0.005392
0.005553
0.005393
0.005554
0.005392
0.005556
0.005393
0.005545
0.005392
0.005565
0.005394
0.005537
0.005393
0.005553
0.005394
0.005550
0.005393
0.005400
0.005393
0.005635
0.005393
0.005628
0.005393
0.005533
0.005393
0.005550
0.005394
0.005548
0.005392
0.005548
0.005392
0.005553
0.005392
0.005553
0.005387
0.005558
0.005393
0.005550
0.005393
0.005634
0.005393
0.005467
0.005394
0.005548
0.005394
0.005556
0.005393
0.005548
0.005392
0.005609
0.005393
0.005551
0.005392
0.005495
0.005394
0.005553
0.005393
0.005552
0.005394
0.005551
0.005392
0.005551
0.005395
0.005549
0.339890
0.005362
0.006240
0.005464
0.005392
0.005440
0.005393
0.005551
0.005394
0.005549
0.005392
0.005553
0.005392
0.005600
0.005392
0.005440
0.005392
0.005545
0.005394
0.005554
0.005391
0.005618
0.005393
0.005538
0.005393
0.005430
0.005393
0.005620
0.005393
0.005487
0.005393
0.005543
0.005392
0.005610
0.005393
0.005434
0.005393
0.005554
0.005394
0.005552
0.005392
0.005554
0.005393
0.005605
0.005393
0.005434
0.005393
0.005404
0.005392
0.005433
0.005392
0.005557
0.005392
0.005603
0.005392
0.005434
0.005393
0.005565
0.005393
0.005540
0.005392
0.005555
0.005392
0.005719
0.005392
0.005330
0.005394
0.005539
0.005393
0.005553
0.005394
0.005551
0.005393
0.005605
0.005393
0.005382
0.005393
0.005540
0.005393
0.005554
0.005284
0.005562
0.005393
0.005619
0.005392
0.005518
0.005392
0.005563
0.005392
0.005548
0.005392
0.005634
0.005393
0.005524
0.005393
0.005436
0.005392
0.005561
0.005393
0.005620
0.005392
0.005492
0.005392
0.005601
0.005393
0.005438
0.005394
0.005567
0.005393
0.005548
0.005392
0.336030
0.005295
0.005345
0.005987
0.005532
0.005379
0.005370
0.005406
0.005393
0.005302
0.005393
0.005430
0.005392
0.005553
0.005393
0.005554
0.005285
0.005617
0.005393
0.005528
0.005393
0.005552
0.005393
0.005550
0.005392
0.005557
0.005394
0.005601
0.005400
0.005294
0.005393
0.005539
0.005394
0.005554
0.005393
0.005625
0.005394
0.005478
0.005393
0.005552
0.005392
0.005565
0.005393
0.005547
0.005394
0.005548
0.005394
0.005556
0.005394
0.005550
0.005394
0.005416
0.005392
0.005551
0.005392
0.005557
0.005393
0.005561
0.005392
0.005543
0.005393
0.005556
0.005393
0.005548
0.005394
0.005556
0.005532
0.005412
0.005394
0.005566
0.005393
0.005539
0.005392
0.005553
0.005394
0.005551
0.005393
0.005553
0.005393
0.005553
0.005393
0.005544
0.005392
0.005607
0.005394
0.005550
0.005394
0.005509
0.005394
0.005440
0.005393
0.005550
0.005393
0.005556
0.005394
0.005554
0.005394
0.005554
0.005393
0.005627
0.005393
0.005575
0.005393
0.005452
0.005393
0.005553
0.005393
0.005550
0.005393
0.005555
0.005394
0.005550
0.338066
0.005263
0.005346
0.005867
0.005544
0.007923
0.005182
0.005123
0.005621
0.005147
0.005393
0.005200
0.005394
0.005303
0.005393
0.005390
0.005393
0.005553
0.005393
0.005551
0.005393
0.005552
0.005392
0.005556
0.005394
0.005553
0.005392
0.005556
0.005393
0.005678
0.005394
0.005354
0.005211
0.005632
0.005393
0.005523
0.005391
0.005556
0.005393
0.005603
0.005393
0.005442
0.005392
0.005556
0.005393
0.005715
0.005392
0.005391
0.005268
0.005530
0.005394
0.005632
0.005391
0.005555
0.005393
0.005556
0.005393
0.005556
0.005393
0.005608
0.005392
0.005437
0.005393
0.005570
0.005393
0.005392
0.005388
0.005631
0.005400
0.005760
0.005393
0.005411
0.005393
0.005554
0.005393
0.005560
0.005392
0.005544
0.005395
0.005601
0.005394
0.005437
0.005393
0.005554
0.005393
0.005557
0.005394
0.005551
0.005392
0.005608
0.005394
0.005437
0.005393
0.005557
0.005394
0.005563
0.005393
0.005541
0.005522
0.005432
0.005394
0.005466
0.005392
0.005559
0.005392
0.005554
0.005394
0.005553
0.005392
0.005741
0.005393
0.331313
0.005823
0.005363
0.005361
0.005596
0.005146
0.005390
0.005198
0.005394
0.005205
0.005394
0.005393
0.005394
0.005701
0.005391
0.005406
0.005394
0.005600
0.005394
0.005432
0.005393
0.005552
0.005394
0.005562
0.005394
0.005541
0.005393
0.005605
0.005394
0.005437
0.005394
0.005567
0.005394
0.005536
0.005392
0.005550
0.005394
0.005604
0.005392
0.005438
0.005394
0.005557
0.005392
0.005549
0.005394
0.005555
0.005394
0.005602
0.005392
0.005499
0.005393
0.005388
0.005394
0.005630
0.005393
0.005632
0.005393
0.005539
0.005393
0.005435
0.005394
0.005563
0.005394
0.005540
0.005394
0.005546
0.005392
0.005597
0.005394
0.005446
0.005393
0.005555
0.005394
0.005551
0.005394
0.005618
0.005394
0.005543
0.005393
0.005301
0.005393
0.005555
0.005393
0.005536
0.005393
0.005552
0.005394
0.005555
0.005394
0.005553
0.005392
0.005556
0.005394
0.005550
0.005395
0.005553
0.005394
0.005554
0.005393
0.005554
0.005393
0.005492
0.005393
0.005514
0.005394
0.005486
0.005393
0.005557
0.005393
0.005554
0.005394
0.005555
0.005393
0.344948
0.006361
0.005557
0.005393
0.005569
0.005393
0.005564
0.005394
0.005555
0.005393
0.005551
0.005394
0.005555
0.005393
0.005478
0.005389
0.005564
0.005470
0.005543
0.005392
0.005554
0.005392
0.005559
0.005394
0.005548
0.005392
0.005561
0.005394
0.005545
0.005393
0.005621
0.005394
0.005478
0.005393
0.005552
0.005393
0.005554
0.005393
0.005552
0.005393
0.005554
0.005393
0.005544
0.005394
0.005554
0.005393
0.005524
0.005393
0.005561
0.005390
0.005548
0.005393
0.005553
0.005392
0.005556
0.005394
0.005552
0.005393
0.005552
0.005393
0.005546
0.005392
0.005555
0.005393
0.005551
0.005392
0.005553
0.005392
0.005552
0.005393
0.005554
0.005393
0.005738
0.005395
0.005377
0.005393
0.005545
0.005470
0.005478
0.005393
0.005552
0.005308
0.005627
0.005393
0.005605
0.005393
0.005434
0.005394
0.005548
0.005393
0.005550
0.005394
0.005552
0.005392
0.005739
0.005394
0.005374
0.005394
0.005399
0.005394
0.005635
0.005399
0.005630
0.005393
0.005574
0.005394
0.005437
0.005394
0.005548
0.005392
0.356877
0.005347
0.005650
0.005147
0.005391
0.005204
0.005393
0.005203
0.005274
0.005557
0.005393
0.005431
0.005393
0.005554
0.005394
0.005552
0.005392
0.005554
0.005402
0.005593
0.005393
0.005433
0.005394
0.005555
0.005393
0.005551
0.005391
0.005560
0.005394
0.005604
0.005394
0.005491
0.005393
0.005496
0.005392
0.005558
0.005393
0.005558
0.005394
0.005600
0.005393
0.005442
0.005394
0.005567
0.005472
0.005466
0.005393
0.005553
0.005393
0.005459
0.005395
0.005431
0.005394
0.005551
0.005393
0.005632
0.005393
0.005476
0.005393
0.005612
0.005394
0.005433
0.005393
0.005564
0.005394
0.005552
0.005394
0.005425
0.005393
0.005605
0.005471
0.005372
0.005393
0.005544
0.005393
0.005548
0.005394
0.005558
0.005394
0.005601
0.005394
0.005433
0.005393
0.005402
0.005393
0.005558
0.005393
0.005556
0.005393
0.005609
0.005393
0.005441
0.005394
0.005565
0.005393
0.005544
0.005392
0.005560
0.005394
0.005476
0.005393
0.005437
0.005395
0.005565
0.005394
0.005540
0.005392
0.005555
0.005394
0.330547
0.005401
0.005206
0.005372
0.005596
0.005393
0.005261
0.005393
0.005438
0.005630
0.005336
0.005392
0.005538
0.005394
0.005557
0.005393
0.005554
0.005392
0.005559
0.005393
0.005627
0.005394
0.005480
0.005393
0.005549
0.005392
0.005554
0.005392
0.005564
0.005470
0.005478
0.005393
0.005554
0.005393
0.005554
0.005392
0.005557
0.005392
0.005553
0.005393
0.005560
0.005393
0.005553
0.005392
0.005558
0.005394
0.005557
0.005393
0.005527
0.005392
0.005556
0.005393
0.005553
0.005393
0.005558
0.005392
0.005557
0.005393
0.005555
0.005399
0.005543
0.005393
0.005558
0.005394
0.005553
0.005393
0.005567
0.005394
0.005539
0.005248
0.005474
0.005394
0.005644
0.005393
0.005633
0.005392
0.005634
0.005393
0.005516
0.005393
0.005553
0.005393
0.005555
0.005393
0.005629
0.005393
0.005338
0.005393
0.005639
0.005392
0.005630
0.005393
0.005522
0.005393
0.005561
0.005393
0.005549
0.005394
0.005555
0.005393
0.005565
0.005393
0.005543
0.005392
0.005559
0.005395
0.005552
0.005393
0.005557
0.005392
0.005554
0.005394
0.005558
0.342571
0.005166
0.005393
0.005287
0.005392
0.005543
0.005400
0.005543
0.005391
0.005559
0.005394
0.005609
0.005393
0.005437
0.005392
0.005554
0.005393
0.005551
0.005392
0.005559
0.005392
0.005608
0.005392
0.005440
0.005393
0.005552
0.005392
0.005557
0.005391
0.005559
0.005393
0.005602
0.005471
0.005374
0.005392
0.005539
0.005393
0.005418
0.005392
0.005552
0.005393
0.005604
0.005392
0.005440
0.005393
0.005640
0.005392
0.005474
0.005393
0.005553
0.005393
0.005609
0.005393
0.005310
0.005392
0.005548
0.005392
0.005620
0.005393
0.005490
0.005393
0.005604
0.005393
0.005436
0.005393
0.005554
0.005392
0.005554
0.005393
0.005407
0.005391
0.005602
0.005393
0.005437
0.005393
0.005556
0.005393
0.005556
0.005394
0.005551
0.005392
0.005606
0.005393
0.005436
0.005470
0.005296
0.005393
0.005567
0.005393
0.005566
0.005393
0.005616
0.005393
0.005563
0.005392
0.005575
0.005393
0.005557
0.005393
0.005558
0.005392
0.005608
0.005386
0.005440
0.005393
0.005560
0.005392
0.005550
0.005393
0.005635
0.005468
0.339675
0.005180
0.005336
0.005974
0.005397
0.005335
0.005397
0.005535
0.005392
0.005553
0.005393
0.005554
0.005469
0.005477
0.005392
0.005554
0.005393
0.005551
0.005392
0.005367
0.005393
0.005577
0.005394
0.005567
0.005392
0.005696
0.005391
0.005561
0.005393
0.005554
0.005392
0.005554
0.005393
0.005549
0.005392
0.005555
0.005394
0.005552
0.005392
0.005557
0.005392
0.005552
0.005401
0.005550
0.005393
0.005553
0.005393
0.005558
0.005393
0.005625
0.005392
0.005481
0.005392
0.005404
0.005392
0.005550
0.005393
0.005560
0.005393
0.005552
0.005393
0.005558
0.005392
0.005551
0.005393
0.005556
0.005393
0.005555
0.005392
0.005553
0.005392
0.005487
0.005392
0.005492
0.005392
0.005559
0.005393
0.005733
0.005392
0.005387
0.005392
0.005547
0.005392
0.005553
0.005394
0.005550
0.005513
0.005434
0.005393
0.005553
0.005392
0.005550
0.005393
0.005553
0.005392
0.005552
0.005392
0.005562
0.005392
0.005551
0.005392
0.005556
0.005399
0.005546
0.005393
0.005556
0.005392
0.005554
0.005392
0.005626
0.005392
0.365538
0.005352
0.005471
0.005371
0.005694
0.005393
0.005564
0.005392
0.005566
0.005392
0.005564
0.005392
0.005568
0.005393
0.005606
0.005394
0.005436
0.005393
0.005551
0.005393
0.005554
0.005399
0.005561
0.005392
0.005589
0.005393
0.005432
0.005393
0.005553
0.005393
0.005555
0.005392
0.005673
0.005393
0.005488
0.005394
0.005432
0.005393
0.005550
0.005393
0.005554
0.005393
0.005553
0.005393
0.005603
0.005395
0.005431
0.005469
0.005480
0.005424
0.005520
0.005394
0.005632
0.005393
0.005524
0.005393
0.005432
0.005395
0.005563
0.005392
0.005537
0.005393
0.005553
0.005393
0.005602
0.005394
0.005489
0.005393
0.005495
0.005394
0.005553
0.005394
0.005550
0.005470
0.005525
0.005393
0.005434
0.005393
0.005554
0.005392
0.005556
0.005393
0.005551
0.005395
0.005453
0.005395
0.005429
0.005392
0.005556
0.005394
0.005548
0.005393
0.005555
0.005394
0.005601
0.005394
0.005436
0.005394
0.005552
0.005393
0.005399
0.005394
0.005544
0.005392
0.005602
0.005394
0.005437
0.359528
0.005440
0.005666
0.005393
0.005570
0.005392
0.005568
0.005394
0.005621
0.005393
0.005521
0.005394
0.005555
0.005394
0.005552
0.005400
0.005661
0.005393
0.005355
0.005393
0.005423
0.005393
0.005560
0.005394
0.005547
0.005392
0.005555
0.005392
0.005605
0.005393
0.005439
0.005393
0.005552
0.005392
0.005553
0.005392
0.005420
0.005393
0.005604
0.005393
0.005497
0.005393
0.005476
0.005394
0.005538
0.005393
0.005546
0.005392
0.005610
0.005393
0.005433
0.005395
0.005550
0.005393
0.005556
0.005394
0.005556
0.005393
0.005629
0.005394
0.005475
0.005393
0.005558
0.005394
0.005551
0.005393
0.005550
0.005471
0.005474
0.005395
0.005552
0.005393
0.005661
0.005394
0.005443
0.005393
0.005733
0.005393
0.005378
0.005393
0.005550
0.005393
0.005551
0.005393
0.005556
0.005394
0.005550
0.005393
0.005552
0.005395
0.005552
0.005392
0.005553
0.005393
0.005551
0.005393
0.005552
0.005401
0.005548
0.005392
0.005552
0.005393
0.005558
0.005394
0.005548
0.005393
0.005554
0.005393
0.005553
0.352015
0.005606
0.005352
0.005591
0.005146
0.005392
0.005205
0.005394
0.005394
0.005394
0.005394
0.005394
0.005393
0.005393
0.005393
0.005400
0.005394
0.005395
0.005408
0.005393
0.005393
0.005613
0.005393
0.005609
0.005393
0.005609
0.005393
0.005566
0.005393
0.005568
0.005393
0.005569
0.005392
0.005569
0.005393
0.005420
0.005394
0.005608
0.005393
0.005577
0.005401
0.005566
0.005393
0.005567
0.005394
0.005567
0.005393
0.005566
0.005393
0.005638
0.005394
0.005563
0.005393
0.005565
0.005393
0.005560
0.005394
0.005566
0.005393
0.005552
0.005394
0.005557
0.005394
0.005552
0.005394
0.005606
0.005392
0.005446
0.005393
0.005384
0.005393
0.005565
0.005394
0.005540
0.005393
0.005607
0.005393
0.005430
0.005392
0.005563
0.005393
0.005551
0.005393
0.005555
0.005393
0.005722
0.005394
0.005330
0.005393
0.005543
0.005392
0.005557
0.005470
0.005483
0.005392
0.005599
0.005393
0.005439
0.005392
0.005552
0.005394
0.005551
0.005396
0.005549
0.005392
0.005619
0.005392
0.005426
0.005394
0.334650
0.005191
0.005201
0.005378
0.005336
0.005392
0.005565
0.005393
0.005544
0.005391
0.005558
0.005393
0.005606
0.005394
0.005509
0.005393
0.005480
0.005393
0.005554
0.005393
0.005556
0.005393
0.005769
0.005394
0.005348
0.005393
0.005557
0.005394
0.005535
0.005392
0.005557
0.005393
0.005600
0.005393
0.005385
0.005394
0.005540
0.005393
0.005554
0.005392
0.005553
0.005393
0.005606
0.005394
0.005436
0.005393
0.005567
0.005392
0.005545
0.005393
0.005552
0.005393
0.005608
0.005392
0.005435
0.005392
0.005558
0.005393
0.005559
0.005394
0.005544
0.005393
0.005597
0.005394
0.005438
0.005393
0.005553
0.005393
0.005549
0.005393
0.005559
0.005393
0.005601
0.005393
0.005315
0.005393
0.005561
0.005394
0.005613
0.005394
0.005488
0.005393
0.006215
0.005223
0.005867
0.005199
0.005393
0.005201
0.005394
0.005287
0.005392
0.005467
0.005393
0.005543
0.005392
0.005599
0.005393
0.005515
0.005393
0.005530
0.005393
0.005463
0.005400
0.005539
0.005393
0.005598
0.005393
0.005424
0.005393
0.005561
0.005392
0.005527
0.005393
0.350768
0.005152
0.005624
0.005150
0.005392
0.005574
0.005393
0.005412
0.005394
0.005535
0.005395
0.005546
0.005394
0.005542
0.005393
0.005542
0.005393
0.005543
0.005393
0.005595
0.005392
0.005489
0.005394
0.005536
0.005394
0.005547
0.005395
0.005538
0.005393
0.005543
0.005400
0.005532
0.005394
0.005543
0.005394
0.005547
0.005394
0.005533
0.005394
0.005546
0.005394
0.005539
0.005393
0.005545
0.005393
0.005538
0.005393
0.005541
0.005393
0.005546
0.005393
0.005540
0.005470
0.005464
0.005394
0.005541
0.005393
0.005548
0.005394
0.005602
0.005392
0.005483
0.005393
0.005614
0.005393
0.005468
0.005393
0.005541
0.005392
0.005496
0.005393
0.005636
0.005393
0.005491
0.005394
0.005543
0.005393
0.005540
0.005392
0.005549
0.005393
0.005541
0.005393
0.005543
0.005393
0.005542
0.005402
0.005534
0.005394
0.005608
0.005393
0.005479
0.005392
0.005550
0.005394
0.005539
0.005393
0.005547
0.005393
0.005540
0.005393
0.005543
0.005393
0.005604
0.005393
0.005482
0.005393
0.005545
0.005196
0.005640
0.346818
0.005265
0.005394
0.005199
0.005394
0.005247
0.005394
0.005547
0.005394
0.005540
0.005394
0.005606
0.005393
0.005434
0.005392
0.005551
0.005393
0.005425
0.005393
0.005557
0.005326
0.005619
0.005393
0.005487
0.005393
0.005637
0.005394
0.005475
0.005395
0.005550
0.005391
0.005613
0.005393
0.005437
0.005392
0.005571
0.005401
0.005660
0.005392
0.005434
0.005393
0.005606
0.005394
0.005436
0.005392
0.005559
0.005393
0.005552
0.005393
0.005636
0.005393
0.005530
0.005393
0.005383
0.005394
0.005539
0.005394
0.005389
0.005395
0.005550
0.005394
0.005605
0.005394
0.005430
0.005393
0.005549
0.005393
0.005557
0.005394
0.005550
0.005395
0.005727
0.005392
0.005391
0.005394
0.005558
0.005469
0.005464
0.005394
0.005556
0.005394
0.005605
0.005393
0.005440
0.005393
0.005565
0.005393
0.005541
0.005393
0.005561
0.005393
0.005602
0.005394
0.005438
0.005393
0.005556
0.005395
0.005553
0.005394
0.005555
0.005394
0.005602
0.005470
0.005376
0.005394
0.005539
0.005393
0.005557
0.005393
0.005550
0.354943
0.005375
0.005972
0.005389
0.005568
0.005393
0.005566
0.005393
0.005565
0.005392
0.005568
0.005392
0.005553
0.005392
0.005555
0.005393
0.005550
0.005392
0.005557
0.005393
0.005661
0.005392
0.005446
0.005393
0.005556
0.005393
0.005555
0.005393
0.005558
0.005393
0.005629
0.005470
0.005412
0.005393
0.005550
0.005392
0.005556
0.005317
0.005564
0.005393
0.005563
0.005392
0.005563
0.005393
0.005564
0.005391
0.005565
0.005392
0.005564
0.005392
0.005567
0.005393
0.005562
0.005393
0.005563
0.005393
0.005554
0.005393
0.005554
0.005394
0.005550
0.005399
0.005550
0.005392
0.005558
0.005393
0.005555
0.005392
0.005559
0.005392
0.005552
0.005393
0.005552
0.005391
0.005559
0.005393
0.005560
0.005392
0.005554
0.005393
0.005554
0.005391
0.005557
0.005392
0.005557
0.005393
0.005560
0.005532
0.005413
0.005393
0.005552
0.005401
0.005543
0.005393
0.005629
0.005394
0.005480
0.005394
0.005552
0.005393
0.005560
0.005392
0.005557
0.005392
0.005632
0.005392
0.005476
0.005392
0.005559
0.342468
0.005234
0.005393
0.005282
0.005394
0.005486
0.005393
0.005438
0.005393
0.005569
0.005394
0.005542
0.005392
0.005553
0.005393
0.005608
0.005392
0.005436
0.005393
0.005554
0.005393
0.005565
0.005392
0.005388
0.005392
0.005593
0.005393
0.005439
0.005392
0.005558
0.005394
0.005547
0.005392
0.005557
0.005394
0.005604
0.005392
0.005437
0.005393
0.005556
0.005392
0.005405
0.005394
0.005555
0.005393
0.005615
0.005402
0.005421
0.005393
0.005550
0.005395
0.005550
0.005394
0.005552
0.005394
0.005605
0.005477
0.005358
0.005394
0.005554
0.005393
0.005539
0.005394
0.005550
0.005393
0.005745
0.005393
0.005379
0.005393
0.005541
0.005393
0.005549
0.005399
0.005399
0.005392
0.005763
0.005393
0.005486
0.005393
0.005567
0.005395
0.005541
0.005394
0.005558
0.005393
0.005600
0.005394
0.005438
0.005393
0.005552
0.005387
0.005559
0.005393
0.005633
0.005393
0.005526
0.005393
0.005436
0.005472
0.005474
0.005392
0.005559
0.005393
0.005548
0.005393
0.005606
0.005395
0.005487
0.005392
0.005511
0.005393
0.339435
0.005340
0.005376
0.005188
0.005376
0.005862
0.005398
0.005218
0.005398
0.005288
0.005398
0.005524
0.005393
0.005557
0.005393
0.005602
0.005392
0.005442
0.005394
0.005548
0.005392
0.005561
0.005398
0.005548
0.005330
0.005614
0.005393
0.005493
0.005392
0.005559
0.005393
0.005560
0.005392
0.005558
0.005392
0.005607
0.005393
0.005437
0.005393
0.005566
0.005393
0.005554
0.005393
0.005555
0.005393
0.005559
0.005393
0.005556
0.005399
0.005550
0.005392
0.005558
0.005393
0.005559
0.005393
0.005551
0.005393
0.005559
0.005392
0.005556
0.005393
0.005558
0.005393
0.005556
0.005392
0.005560
0.005392
0.005558
0.005393
0.005627
0.005392
0.005486
0.005391
0.005556
0.005392
0.005559
0.005392
0.005556
0.005400
0.005551
0.005391
0.005558
0.005392
0.005557
0.005393
0.005561
0.005392
0.005558
0.005393
0.005560
0.005393
0.005643
0.005392
0.005471
0.005393
0.005557
0.005393
0.005671
0.005393
0.005445
0.005393
0.005557
0.005393
0.005554
0.005393
0.005558
0.005393
0.005559
0.005278
0.005565
0.005392
0.005562
0.337693
0.005647
0.005375
0.005529
0.005371
0.005957
0.005394
0.005232
0.005394
0.005437
0.005394
0.005556
0.005395
0.005554
0.005393
0.005558
0.005394
0.005552
0.005394
0.005556
0.005393
0.005552
0.005394
0.005556
0.005394
0.005612
0.005393
0.005554
0.005393
0.005440
0.005397
0.005474
0.005398
0.005623
0.005394
0.005482
0.005392
0.005559
0.005393
0.005551
0.005393
0.005559
0.005195
0.005575
0.005393
0.005618
0.005394
0.005564
0.005393
0.005562
0.005394
0.005564
0.005392
0.005562
0.005470
0.005545
0.005394
0.005436
0.005214
0.005582
0.005393
0.005565
0.005393
0.005565
0.005393
0.005621
0.005393
0.005553
0.005395
0.005557
0.005393
0.005555
0.005393
0.005561
0.005394
0.005596
0.005394
0.005333
0.005393
0.005541
0.005399
0.005544
0.005393
0.005560
0.005393
0.005607
0.005393
0.005438
0.005392
0.005559
0.005392
0.005557
0.005392
0.005408
0.005393
0.005763
0.005393
0.005427
0.005393
0.005475
0.005393
0.005554
0.005393
0.005555
0.005393
0.005604
0.005474
0.005368
0.005393
0.005368
0.005395
0.005578
0.332341
0.005372
0.005476
0.005375
0.005674
0.005405
0.005229
0.005399
0.005535
0.005392
0.005558
0.005393
0.005607
0.005392
0.005433
0.005392
0.005555
0.005393
0.005558
0.005392
0.005558
0.005394
0.005607
0.005393
0.005434
0.005393
0.005565
0.005394
0.005404
0.005392
0.005617
0.005392
0.005542
0.005393
0.005436
0.005393
0.005554
0.005393
0.005628
0.005393
0.005451
0.005392
0.005604
0.005506
0.005333
0.005393
0.005544
0.005393
0.005551
0.005394
0.005550
0.005394
0.005608
0.005392
0.005442
0.005393
0.005615
0.005394
0.005492
0.005393
0.005627
0.005393
0.005528
0.005392
0.005434
0.005393
0.005555
0.005393
0.005549
0.005392
0.005557
0.005393
0.005604
0.005391
0.005432
0.005393
0.005573
0.005393
0.005543
0.005393
0.005545
0.005393
0.005604
0.005392
0.005382
0.005393
0.005546
0.005393
0.005554
0.005393
0.005552
0.005394
0.005552
0.005393
0.005646
0.005392
0.005459
0.005393
0.005554
0.005393
0.005555
0.005393
0.005629
0.005392
0.005479
0.005392
0.005721
0.005394
0.005394
0.005392
0.005551
0.005393
0.339384
0.005648
0.005359
0.005742
0.005393
0.005566
0.005391
0.005564
0.005393
0.005634
0.005212
0.005568
0.005394
0.005629
0.005393
0.005632
0.005395
0.005500
0.005394
0.005555
0.005393
0.005550
0.005394
0.005555
0.005394
0.005553
0.005393
0.005562
0.005394
0.005555
0.005394
0.005555
0.005394
0.005551
0.005393
0.005552
0.005394
0.005558
0.005474
0.005450
0.005395
0.005554
0.005393
0.005635
0.005393
0.005550
0.005393
0.005477
0.005393
0.005558
0.005393
0.005555
0.005394
0.005555
0.005393
0.005558
0.005394
0.005553
0.005394
0.005559
0.005393
0.005416
0.005393
0.005555
0.005393
0.005555
0.005394
0.005554
0.005470
0.005477
0.005393
0.005555
0.005395
0.005551
0.005392
0.005556
0.005393
0.005411
0.005394
0.005633
0.005394
0.005632
0.005395
0.005532
0.005393
0.005559
0.005393
0.005551
0.005394
0.005559
0.005394
0.005567
0.005197
0.005147
0.005391
0.005404
0.005395
0.005397
0.005394
0.005682
0.005393
0.005631
0.005394
0.005634
0.005393
0.005561
0.005394
0.005435
0.005393
0.005644
0.005386
0.005336
0.338139
0.005239
0.005473
0.005190
0.005669
0.005392
0.005394
0.005202
0.005393
0.005220
0.005412
0.005441
0.005394
0.005428
0.005394
0.005567
0.005394
0.005542
0.005392
0.005558
0.005393
0.005613
0.005394
0.005424
0.005395
0.005568
0.005394
0.005540
0.005393
0.005630
0.005395
0.005530
0.005394
0.005434
0.005394
0.005562
0.005395
0.005548
0.005394
0.005556
0.005393
0.005606
0.005393
0.005440
0.005393
0.005554
0.005470
0.005487
0.005393
0.005548
0.005395
0.005613
0.005393
0.005432
0.005393
0.005554
0.005393
0.005556
0.005394
0.005552
0.005392
0.005463
0.005393
0.005434
0.005395
0.005558
0.005393
0.005552
0.005395
0.005553
0.005393
0.005603
0.005395
0.005498
0.005393
0.005503
0.005393
0.005498
0.005394
0.005632
0.005393
0.005573
0.005394
0.005440
0.005393
0.005552
0.005394
0.005552
0.005393
0.005552
0.005394
0.005604
0.005395
0.005506
0.005393
0.005478
0.005393
0.005551
0.005393
0.005619
0.005393
0.005547
0.005393
0.005432
0.005393
0.005558
0.005393
0.005552
0.005393
0.005553
0.005393
0.005625
0.333653
0.005464
0.005465
0.005189
0.005702
0.005392
0.005393
0.005205
0.005395
0.005220
0.005393
0.005262
0.005392
0.005638
0.005393
0.005631
0.005393
0.005515
0.005393
0.005557
0.005395
0.005549
0.005393
0.005552
0.005394
0.005555
0.005394
0.005553
0.005354
0.005633
0.005394
0.005515
0.005394
0.005558
0.005394
0.005558
0.005395
0.005494
0.005394
0.005482
0.005470
0.005476
0.005394
0.005556
0.005524
0.005420
0.005393
0.005556
0.005393
0.005558
0.005394
0.005555
0.005393
0.005557
0.005393
0.005556
0.005392
0.005561
0.005393
0.005552
0.005395
0.005475
0.005393
0.005628
0.005395
0.005554
0.005394
0.005557
0.005393
0.005558
0.005470
0.005484
0.005393
0.005550
0.005393
0.005560
0.005393
0.005556
0.005212
0.005633
0.005393
0.005630
0.005393
0.005630
0.005393
0.005506
0.005395
0.005552
0.005395
0.005561
0.005394
0.005550
0.005394
0.005560
0.005392
0.005655
0.005394
0.005455
0.005395
0.005548
0.005474
0.005550
0.005394
0.005481
0.005394
0.005553
0.005393
0.005561
0.005393
0.005551
0.005396
0.005555
0.342523
0.005204
0.005642
0.005509
0.005665
0.005393
0.005566
0.005393
0.005520
0.005396
0.005459
0.005394
0.005523
0.005392
0.005529
0.005394
0.005530
0.005392
0.005533
0.005393
0.005573
0.005394
0.005414
0.005393
0.005538
0.005470
0.005439
0.005402
0.005518
0.005394
0.005577
0.005393
0.005413
0.005393
0.005518
0.005394
0.005535
0.005393
0.005523
0.005394
0.005580
0.005392
0.005409
0.005393
0.005598
0.005391
0.005348
0.005394
0.005517
0.005393
0.005579
0.005394
0.005358
0.005393
0.005517
0.005393
0.005526
0.005393
0.005529
0.005393
0.005581
0.005394
0.005417
0.005394
0.005527
0.005395
0.005528
0.005394
0.005528
0.005394
0.005580
0.005394
0.005420
0.005393
0.005535
0.005394
0.005515
0.005400
0.005522
0.005393
0.005579
0.005392
0.005412
0.005393
0.005525
0.005393
0.005528
0.005394
0.005529
0.005393
0.005580
0.005394
0.005410
0.005393
0.005529
0.005393
0.005541
0.005393
0.005513
0.005393
0.005580
0.005393
0.005414
0.005472
0.005445
0.005393
0.005530
0.005393
0.005608
0.005393
0.005498
0.345796
0.005170
0.005144
0.005538
0.005395
0.005302
0.005132
0.005576
0.005392
0.005394
0.005392
0.005489
0.005393
0.005567
0.005392
0.005564
0.005391
0.005564
0.005391
0.005619
0.005393
0.005286
0.005392
0.005539
0.005393
0.005514
0.005392
0.005564
0.005393
0.005496
0.005392
0.005532
0.005392
0.005592
0.005393
0.005471
0.005392
0.005530
0.005391
0.005531
0.005392
0.005535
0.005392
0.005533
0.005214
0.005566
0.005392
0.005566
0.005392
0.005564
0.005392
0.005563
0.005392
0.005563
0.005391
0.005544
0.005392
0.005531
0.005392
0.005532
0.005393
0.005630
0.005392
0.005433
0.005393
0.005519
0.005392
0.005544
0.005393
0.005517
0.005393
0.005531
0.005392
0.005531
0.005393
0.005528
0.005393
0.005656
0.005392
0.005403
0.005393
0.005533
0.005392
0.005529
0.005394
0.005532
0.005391
0.005530
0.005392
0.005530
0.005393
0.005603
0.005392
0.005454
0.005360
0.005563
0.005392
0.005526
0.005392
0.005540
0.005393
0.005528
0.005393
0.005530
0.005393
0.005533
0.005393
0.005526
0.005393
0.005530
0.005391
0.340350
0.005521
0.005373
0.005711
0.005393
0.005574
0.005393
0.005568
0.005392
0.005567
0.005395
0.005564
0.005392
0.005564
0.005393
0.005570
0.005392
0.005646
0.005392
0.005417
0.005392
0.005534
0.005393
0.005537
0.005393
0.005526
0.005392
0.005528
0.005393
0.005585
0.005393
0.005412
0.005393
0.005532
0.005392
0.005504
0.005393
0.005602
0.005392
0.005509
0.005393
0.005411
0.005393
0.005532
0.005259
0.005561
0.005391
0.005630
0.005392
0.005579
0.005393
0.005424
0.005392
0.005522
0.005393
0.005531
0.005392
0.005528
0.005391
0.005589
0.005393
0.005541
0.005392
0.005408
0.005393
0.005530
0.005392
0.005526
0.005394
0.005578
0.005393
0.005410
0.005393
0.005551
0.005470
0.005434
0.005392
0.005531
0.005392
0.005590
0.005392
0.005410
0.005393
0.005528
0.005393
0.005528
0.005393
0.005533
0.005393
0.005579
0.005392
0.005415
0.005392
0.005527
0.005528
0.005395
0.005393
0.005528
0.005394
0.005580
0.005468
0.005423
0.005392
0.005442
0.005392
0.005532
0.005392
0.005529
0.005393
0.005581
0.005393
0.347198
0.005906
0.005394
0.005575
0.005393
0.005577
0.005393
0.005507
0.005392
0.005537
0.005393
0.005566
0.005393
0.005407
0.005395
0.005589
0.005392
0.005463
0.005392
0.005529
0.005392
0.005572
0.005393
0.005415
0.005393
0.005523
0.005394
0.005654
0.005391
0.005398
0.005394
0.005576
0.005392
0.005409
0.005394
0.005519
0.005392
0.005531
0.005394
0.005517
0.005392
0.005714
0.005400
0.005339
0.005506
0.005405
0.005393
0.005413
0.005392
0.005547
0.005393
0.005601
0.005393
0.005429
0.005394
0.005567
0.005393
0.005533
0.005393
0.005554
0.005393
0.005458
0.005393
0.005564
0.005393
0.005563
0.005394
0.005550
0.005397
0.005547
0.005393
0.005550
0.005392
0.005559
0.005393
0.005548
0.005394
0.005558
0.005392
0.005544
0.005393
0.005557
0.005393
0.005551
0.005393
0.005662
0.005393
0.005440
0.005392
0.005780
0.005393
0.005334
0.005392
0.005535
0.005394
0.005559
0.005400
0.005540
0.005393
0.005550
0.005392
0.005551
0.005393
0.005555
0.005392
0.005624
0.005393
0.005477
0.005393
0.005553
0.332593
0.005361
0.005180
0.007198
0.005534
0.005159
0.005369
0.005769
0.005394
0.005289
0.005393
0.005458
0.005394
0.005558
0.005393
0.005554
0.005393
0.005555
0.005401
0.005545
0.005392
0.005556
0.005392
0.005553
0.005394
0.005552
0.005392
0.005554
0.005393
0.005554
0.005392
0.005559
0.005393
0.005548
0.005391
0.005564
0.005393
0.005544
0.005392
0.005555
0.005393
0.005556
0.005392
0.005554
0.005392
0.005558
0.005391
0.005555
0.005394
0.005357
0.005392
0.005541
0.005393
0.005556
0.005392
0.005552
0.005393
0.005551
0.005391
0.005554
0.005392
0.005553
0.005392
0.005559
0.005526
0.005416
0.005392
0.005561
0.005392
0.005552
0.005392
0.005555
0.005394
0.005629
0.005197
0.005574
0.005392
0.005617
0.005393
0.005529
0.005392
0.005590
0.005392
0.005521
0.005393
0.005555
0.005392
0.005603
0.005392
0.005438
0.005393
0.005571
0.005392
0.005537
0.005391
0.005555
0.005391
0.005605
0.005392
0.005445
0.005393
0.005559
0.005393
0.005545
0.005394
0.005551
0.005392
0.005602
0.005393
0.005434
0.005392
0.005554
0.005394
0.348962
0.005512
0.005391
0.005131
0.005798
0.005399
0.005481
0.005397
0.005544
0.005273
0.005624
0.005392
0.005539
0.005392
0.005536
0.005394
0.005548
0.005391
0.005554
0.005394
0.005604
0.005394
0.005432
0.005394
0.005550
0.005393
0.005558
0.005392
0.005554
0.005392
0.005610
0.005394
0.005407
0.005393
0.005548
0.005393
0.005556
0.005393
0.005557
0.005392
0.005602
0.005393
0.005438
0.005393
0.005555
0.005393
0.005403
0.005393
0.005551
0.005393
0.005601
0.005393
0.005509
0.005393
0.005494
0.005394
0.005534
0.005393
0.005555
0.005394
0.005603
0.005392
0.005440
0.005394
0.005563
0.005393
0.005543
0.005394
0.005552
0.005393
0.005604
0.005394
0.005435
0.005393
0.005556
0.005392
0.005557
0.005392
0.005548
0.005394
0.005607
0.005393
0.005432
0.005393
0.005558
0.005392
0.005551
0.005393
0.005548
0.005392
0.005874
0.005401
0.005242
0.005393
0.005533
0.005393
0.005547
0.005393
0.005555
0.005393
0.005597
0.005392
0.005441
0.005393
0.005566
0.005392
0.005536
0.005394
0.005549
0.005392
0.332455
0.005395
0.005292
0.005393
0.005434
0.005392
0.005553
0.005391
0.005566
0.005393
0.005546
0.005391
0.005556
0.005393
0.005558
0.005392
0.005552
0.005393
0.005552
0.005392
0.005557
0.005392
0.005553
0.005392
0.005554
0.005392
0.005555
0.005391
0.005557
0.005392
0.005554
0.005392
0.005556
0.005393
0.005535
0.005392
0.005564
0.005401
0.005540
0.005393
0.005623
0.005394
0.005481
0.005393
0.005553
0.005394
0.005553
0.005326
0.005633
0.005393
0.005538
0.005393
0.005555
0.005394
0.005550
0.005393
0.005557
0.005393
0.005549
0.005392
0.005554
0.005393
0.005554
0.005393
0.005416
0.005393
0.005638
0.005400
0.005630
0.005394
0.005518
0.005392
0.005551
0.005394
0.005555
0.005393
0.005553
0.005393
0.005555
0.005392
0.005558
0.005393
0.005610
0.005391
0.005499
0.005392
0.005550
0.005393
0.005558
0.005393
0.005553
0.005393
0.005560
0.005393
0.005551
0.005392
0.005555
0.005393
0.005561
0.005393
0.005546
0.005394
0.005555
0.005392
0.005630
0.005393
0.005478
0.005393
0.005551
0.005393
0.005557
0.005393
0.005552
0.351356
0.005548
0.006968
0.005372
0.005371
0.005702
0.005392
0.005567
0.005394
0.005603
0.005215
0.005567
0.005393
0.005567
0.005391
0.005622
0.005392
0.005470
0.005392
0.005563
0.005394
0.005603
0.005393
0.005473
0.005393
0.005597
0.005392
0.005426
0.005391
0.005546
0.005393
0.005539
0.005392
0.005539
0.005393
0.005604
0.005394
0.005418
0.005393
0.005543
0.005393
0.005544
0.005392
0.005549
0.005394
0.005685
0.005392
0.005351
0.005392
0.005531
0.005392
0.005547
0.005392
0.005545
0.005392
0.005472
0.005392
0.005425
0.005392
0.005547
0.005232
0.005653
0.005265
0.005640
0.005394
0.005767
0.005392
0.005403
0.005393
0.005540
0.005392
0.005533
0.005392
0.005544
0.005392
0.005593
0.005394
0.005294
0.005392
0.005640
0.005395
0.005562
0.005392
0.005548
0.005395
0.005772
0.005392
0.005325
0.005393
0.005518
0.005394
0.005543
0.005391
0.005546
0.005393
0.005761
0.005395
0.005336
0.005393
0.005530
0.005394
0.005551
0.005392
0.005541
0.005393
0.005596
0.005393
0.005421
0.005393
0.340395
0.005270
0.005392
0.005233
0.005393
0.005539
0.005393
0.005553
0.005393
0.005553
0.005392
0.005566
0.005392
0.005437
0.005392
0.005566
0.005392
0.005563
0.005393
0.005567
0.005393
0.005561
0.005393
0.005562
0.005393
0.005562
0.005392
0.005636
0.005393
0.005529
0.005392
0.005562
0.005393
0.005546
0.005393
0.005552
0.005393
0.005558
0.005393
0.005549
0.005392
0.005559
0.005394
0.005549
0.005391
0.005558
0.005393
0.005550
0.005393
0.005558
0.005392
0.005553
0.005392
0.005556
0.005394
0.005555
0.005393
0.005554
0.005393
0.005573
0.005392
0.005603
0.005393
0.005489
0.005393
0.005656
0.005393
0.005448
0.005393
0.005560
0.005393
0.005552
0.005393
0.005555
0.005394
0.005547
0.005393
0.005551
0.005393
0.005555
0.005281
0.005633
0.005341
0.005631
0.005393
0.005555
0.005394
0.005554
0.005393
0.005554
0.005393
0.005699
0.005393
0.005413
0.005392
0.005559
0.005393
0.005402
0.005395
0.005530
0.005394
0.005635
0.005393
0.005631
0.005393
0.005549
0.005393
0.005553
0.005393
0.005557
0.005394
0.334887
0.005342
0.005190
0.005133
0.005540
0.005393
0.005565
0.005393
0.005568
0.005393
0.005567
0.005393
0.005618
0.005393
0.005529
0.005393
0.005557
0.005530
0.005421
0.005393
0.005558
0.005392
0.005607
0.005393
0.005435
0.005469
0.005488
0.005393
0.005552
0.005392
0.005561
0.005392
0.005602
0.005393
0.005437
0.005393
0.005559
0.005393
0.005560
0.005392
0.005559
0.005393
0.005606
0.005394
0.005441
0.005394
0.005551
0.005394
0.005559
0.005213
0.005633
0.005399
0.005763
0.005392
0.005438
0.005394
0.005572
0.005395
0.005539
0.005393
0.005556
0.005394
0.005742
0.005394
0.005380
0.005394
0.005587
0.005393
0.005514
0.005392
0.005562
0.005393
0.005605
0.005394
0.005437
0.005394
0.005558
0.005470
0.005478
0.005393
0.005560
0.005394
0.005606
0.005393
0.005571
0.005393
0.005427
0.005394
0.005558
0.005392
0.005555
0.005393
0.005608
0.005392
0.005442
0.005393
0.005740
0.005394
0.005387
0.005392
0.005545
0.005496
0.005507
0.005401
0.005428
0.005394
0.005570
0.005393
0.005542
0.005392
0.005558
0.005394
0.005608
0.337591
0.009314
0.005359
0.005977
0.005394
0.005247
0.005395
0.005430
0.005393
0.005554
0.005393
0.005564
0.005393
0.005594
0.005394
0.005433
0.005392
0.005550
0.005393
0.005559
0.005392
0.005549
0.005393
0.005717
0.005392
0.005340
0.005392
0.005540
0.005394
0.005557
0.005393
0.005553
0.005393
0.005461
0.005393
0.005432
0.005470
0.005494
0.005393
0.005536
0.005393
0.005554
0.005393
0.005598
0.005393
0.005436
0.005393
0.005551
0.005547
0.005399
0.005393
0.005552
0.005393
0.005553
0.005394
0.005553
0.005394
0.005548
0.005393
0.005555
0.005394
0.005549
0.005393
0.005552
0.005400
0.005620
0.005393
0.005596
0.005393
0.005439
0.005393
0.005552
0.005393
0.005553
0.005394
0.005549
0.005392
0.005557
0.005392
0.005551
0.005393
0.005550
0.005393
0.005550
0.005393
0.005551
0.005393
0.005552
0.005393
0.005549
0.005393
0.005555
0.005393
0.005550
0.005399
0.005550
0.005392
0.005551
0.005393
0.005552
0.005393
0.005553
0.005392
0.005557
0.005394
0.005551
0.005394
0.005550
0.005394
0.005556
0.005393
0.334302
0.005345
0.005444
0.005375
0.005840
0.005392
0.005253
0.005392
0.005538
0.005394
0.005550
0.005392
0.005747
0.005393
0.005374
0.005469
0.005468
0.007337
0.005367
0.005653
0.005372
0.005260
0.005370
0.005738
0.005394
0.005299
0.005393
0.005434
0.005393
0.005551
0.005393
0.005435
0.005393
0.005628
0.005392
0.005485
0.005394
0.005546
0.005393
0.005552
0.005394
0.005555
0.005393
0.005549
0.005394
0.005550
0.005394
0.005556
0.005393
0.005550
0.005393
0.005553
0.005393
0.005426
0.005394
0.005555
0.005469
0.005475
0.005391
0.005553
0.005393
0.005606
0.005394
0.005433
0.005393
0.005553
0.005392
0.005397
0.005425
0.005370
0.005392
0.005592
0.005394
0.005441
0.005392
0.005549
0.005393
0.005552
0.005391
0.005555
0.005393
0.005603
0.005394
0.005440
0.005394
0.005543
0.005394
0.005555
0.005392
0.005552
0.005393
0.005610
0.005393
0.005431
0.005393
0.005553
0.005393
0.005771
0.005390
0.005362
0.005394
0.005577
0.005393
0.005436
0.005392
0.005572
0.005393
0.005539
0.005467
0.005485
0.005392
0.005602
0.344126
0.005378
0.005182
0.005360
0.005861
0.005393
0.005277
0.005394
0.005418
0.005393
0.005564
0.005393
0.005541
0.005393
0.005551
0.005392
0.005887
0.005393
0.005312
0.005393
0.005479
0.005394
0.005533
0.005394
0.005554
0.005393
0.005606
0.005394
0.005427
0.005393
0.005557
0.005392
0.005553
0.005524
0.005425
0.005470
0.005522
0.005393
0.005441
0.005394
0.005547
0.005393
0.005555
0.005393
0.005557
0.005394
0.005607
0.005393
0.005433
0.005393
0.005364
0.005395
0.005575
0.005391
0.005567
0.005394
0.005621
0.005393
0.005563
0.005394
0.005561
0.005394
0.005575
0.005391
0.005529
0.005393
0.005608
0.005393
0.005436
0.005394
0.005571
0.005393
0.005533
0.005392
0.005555
0.005394
0.005602
0.005393
0.005436
0.005393
0.005551
0.005394
0.005629
0.005390
0.005480
0.005393
0.005603
0.005392
0.005444
0.005394
0.005540
0.005393
0.005554
0.005391
0.005554
0.005393
0.005604
0.005393
0.005443
0.005394
0.005668
0.005395
0.005422
0.005393
0.005554
0.005393
0.005556
0.005393
0.005555
0.005394
0.005557
0.339297
0.005608
0.005201
0.005369
0.005812
0.005393
0.005229
0.005393
0.005438
0.005273
0.005568
0.005392
0.005565
0.005393
0.005564
0.005392
0.005565
0.005393
0.005420
0.005393
0.005575
0.005393
0.005577
0.005392
0.005566
0.005392
0.005566
0.005399
0.005566
0.005393
0.005570
0.005392
0.005566
0.005392
0.005567
0.005394
0.005461
0.005393
0.005556
0.005393
0.005554
0.005393
0.005552
0.005393
0.005561
0.005394
0.005551
0.005394
0.005627
0.005393
0.005475
0.005393
0.005410
0.005394
0.005541
0.005392
0.005618
0.005394
0.005487
0.005393
0.005552
0.005393
0.005557
0.005392
0.005553
0.005392
0.005557
0.005393
0.005360
0.005393
0.005577
0.005393
0.005571
0.005392
0.005568
0.005394
0.005572
0.005394
0.005567
0.005392
0.005566
0.005392
0.005644
0.005393
0.005545
0.005392
0.005560
0.005392
0.005559
0.005394
0.005540
0.005392
0.005552
0.005393
0.005558
0.005391
0.005553
0.005393
0.005741
0.005393
0.005376
0.005393
0.005544
0.005392
0.005557
0.005393
0.005551
0.005391
0.005554
0.005394
0.005601
0.005393
0.005578
0.338977
0.005392
0.005203
0.005392
0.005206
0.005392
0.005434
0.005392
0.005608
0.005391
0.005439
0.005393
0.005558
0.005393
0.005617
0.005393
0.005495
0.005227
0.005616
0.005393
0.005561
0.005392
0.005564
0.005393
0.005562
0.005394
0.005566
0.005394
0.005605
0.005393
0.005443
0.005393
0.005551
0.005393
0.005365
0.005391
0.005635
0.005393
0.005619
0.005470
0.005451
0.005393
0.005549
0.005393
0.005555
0.005390
0.005560
0.005392
0.005610
0.005392
0.005435
0.005393
0.005644
0.005392
0.005466
0.005390
0.005553
0.005393
0.005606
0.005393
0.005439
0.005393
0.005556
0.005393
0.005556
0.005391
0.005629
0.005392
0.005376
0.005394
0.005428
0.005393
0.005552
0.005392
0.005561
0.005391
0.005554
0.005393
0.005606
0.005394
0.005431
0.005393
0.005552
0.005394
0.005681
0.005391
0.005426
0.005393
0.005609
0.005393
0.005435
0.005393
0.005561
0.005393
0.005546
0.005392
0.005556
0.005392
0.005608
0.005393
0.005436
0.005349
0.005579
0.005393
0.005563
0.005391
0.005562
0.005393
0.005610
0.005392
0.005441
0.005392
0.343348
0.005880
0.005393
0.005585
0.005393
0.005569
0.005393
0.005566
0.005393
0.005569
0.005393
0.005569
0.005394
0.005567
0.005392
0.005563
0.005393
0.005636
0.005392
0.005540
0.005392
0.005554
0.005394
0.005553
0.005392
0.005551
0.005393
0.005553
0.005393
0.005562
0.005394
0.005546
0.005394
0.005550
0.005393
0.005561
0.005393
0.005551
0.005393
0.007176
0.005298
0.005371
0.008960
0.005539
0.005744
0.005372
0.005208
0.005371
0.005994
0.005393
0.005202
0.005392
0.005413
0.005393
0.005523
0.005394
0.005526
0.005393
0.005525
0.005395
0.005522
0.005393
0.005526
0.005393
0.005528
0.005393
0.005334
0.005393
0.005566
0.005394
0.005631
0.005394
0.005567
0.005394
0.005500
0.005393
0.005484
0.005393
0.005550
0.005394
0.005673
0.005394
0.005422
0.005393
0.005397
0.005394
0.005547
0.005394
0.005551
0.005393
0.005547
0.005393
0.005552
0.005394
0.005550
0.005394
0.005736
0.005394
0.005374
0.005393
0.005596
0.005394
0.005490
0.005393
0.005553
0.005394
0.005545
0.005393
0.005548
0.005393
0.329658
0.005342
0.006151
0.005393
0.005275
0.005394
0.005432
0.005400
0.005543
0.005394
0.005556
0.005394
0.005599
0.005393
0.005438
0.005394
0.005553
0.005392
0.005566
0.005392
0.005542
0.005393
0.005602
0.005393
0.005433
0.005393
0.005551
0.005394
0.005555
0.005392
0.005552
0.005394
0.005605
0.005401
0.005423
0.005393
0.005692
0.005395
0.005413
0.005391
0.005549
0.005393
0.005606
0.005394
0.005435
0.005393
0.005626
0.005393
0.005480
0.005392
0.005553
0.005394
0.005602
0.005389
0.005437
0.005394
0.005550
0.005393
0.005553
0.005399
0.005548
0.005393
0.005603
0.005393
0.005438
0.005393
0.005550
0.005393
0.005557
0.005393
0.005478
0.005393
0.005986
0.005394
0.005309
0.005393
0.005427
0.005395
0.005551
0.005391
0.005558
0.005395
0.005606
0.005393
0.005431
0.005401
0.005562
0.005393
0.005533
0.005392
0.005557
0.005394
0.005602
0.005393
0.005433
0.005393
0.005557
0.005393
0.005554
0.005391
0.005561
0.005393
0.005598
0.005393
0.005288
0.005393
0.005543
0.005393
0.005556
0.005390
0.005692
0.005393
0.005468
0.337467
0.005568
0.005394
0.005383
0.005394
0.005536
0.005394
0.005607
0.005273
0.005560
0.005392
0.005549
0.005393
0.005539
0.005394
0.005545
0.005393
0.005598
0.005394
0.005545
0.005393
0.005421
0.005400
0.005531
0.005392
0.005545
0.005395
0.005590
0.005394
0.005431
0.005395
0.005541
0.005394
0.005541
0.005394
0.005542
0.005263
0.005638
0.005394
0.005572
0.005394
0.005545
0.005394
0.005543
0.005395
0.005534
0.005393
0.005545
0.005394
0.005608
0.005401
0.005459
0.005394
0.005599
0.005395
0.005480
0.005393
0.005540
0.005393
0.005543
0.005395
0.005544
0.005393
0.005539
0.005395
0.005543
0.005393
0.005537
0.005394
0.005543
0.005392
0.005544
0.005394
0.005547
0.005394
0.005541
0.005393
0.005544
0.005394
0.005546
0.005401
0.005531
0.005394
0.005550
0.005394
0.005539
0.005393
0.005608
0.005395
0.005493
0.005393
0.005527
0.005394
0.005542
0.005394
0.005542
0.005393
0.005545
0.005394
0.005538
0.005394
0.005546
0.005394
0.005520
0.005395
0.005560
0.005393
0.005542
0.005394
0.005542
0.005402
0.005533
0.330022
0.005261
0.005911
0.005203
0.005393
0.005203
0.005394
0.005293
0.005393
0.005427
0.005393
0.005554
0.005393
0.005550
0.005394
0.005562
0.005394
0.005547
0.005394
0.005553
0.005394
0.005704
0.005394
0.005399
0.005393
0.005551
0.005394
0.005548
0.005394
0.005548
0.005394
0.005554
0.005394
0.005552
0.005394
0.005679
0.005394
0.005314
0.005321
0.005528
0.005470
0.005474
0.005392
0.005563
0.005394
0.005603
0.005394
0.005438
0.005394
0.005552
0.005394
0.005555
0.005392
0.005554
0.005395
0.005500
0.005394
0.005537
0.005393
0.005551
0.005394
0.005554
0.005392
0.005553
0.005394
0.005604
0.005394
0.005507
0.005394
0.005489
0.005393
0.005540
0.005392
0.005553
0.005395
0.005608
0.005395
0.005432
0.005395
0.005552
0.005395
0.005552
0.005392
0.005558
0.005395
0.005597
0.005394
0.005433
0.005394
0.005557
0.005394
0.005550
0.005393
0.005623
0.005394
0.005539
0.005394
0.005439
0.005395
0.005550
0.005393
0.005636
0.005393
0.005483
0.005393
0.005592
0.005394
0.005327
0.005394
0.005539
0.005394
0.005551
0.005392
0.344529
0.005189
0.005759
0.005695
0.005189
0.005371
0.005512
0.005145
0.005391
0.005394
0.005392
0.005394
0.005393
0.005393
0.005573
0.005393
0.005589
0.005392
0.005637
0.005469
0.005537
0.005392
0.005606
0.005394
0.005433
0.005393
0.005555
0.005393
0.005554
0.005392
0.005551
0.005393
0.005609
0.005392
0.005437
0.005393
0.005553
0.005393
0.005425
0.005389
0.005557
0.005393
0.005602
0.005393
0.005436
0.005470
0.005484
0.005392
0.005548
0.005392
0.005555
0.005392
0.005655
0.005454
0.005349
0.005393
0.005529
0.005393
0.005553
0.005392
0.005556
0.005392
0.005604
0.005393
0.005440
0.005393
0.005565
0.005392
0.005539
0.005392
0.005469
0.005400
0.005618
0.005393
0.005496
0.005394
0.005557
0.005393
0.005555
0.005393
0.005554
0.005394
0.005502
0.005393
0.005479
0.005392
0.005559
0.005393
0.005553
0.005393
0.005568
0.005394
0.005540
0.005393
0.005556
0.005393
0.005674
0.005393
0.005435
0.005468
0.005662
0.005393
0.005386
0.005393
0.005545
0.005393
0.005549
0.005393
0.005553
0.005393
0.330308
0.005345
0.005373
0.005138
0.005932
0.005393
0.005571
0.005392
0.005563
0.005395
0.005633
0.005394
0.005632
0.005392
0.005547
0.005394
0.005553
0.005394
0.005551
0.005393
0.005559
0.005393
0.005555
0.005435
0.005514
0.005393
0.005528
0.005393
0.005552
0.005401
0.005549
0.005393
0.005557
0.005393
0.005563
0.005394
0.005539
0.005393
0.005559
0.005392
0.005459
0.005393
0.005633
0.005392
0.005632
0.005393
0.005497
0.005394
0.005633
0.005392
0.005477
0.005393
0.005553
0.005392
0.005558
0.005393
0.005553
0.005392
0.005561
0.005399
0.005548
0.005393
0.005563
0.005393
0.005554
0.005393
0.005559
0.005394
0.005552
0.005392
0.005568
0.005393
0.005541
0.005392
0.005615
0.005393
0.005497
0.005394
0.005556
0.005393
0.005659
0.005394
0.005453
0.005392
0.005561
0.005393
0.005553
0.005399
0.005551
0.005393
0.005673
0.005394
0.005482
0.005394
0.005438
0.005394
0.005559
0.005393
0.005559
0.005393
0.005552
0.005394
0.005607
0.005393
0.005440
0.005393
0.005560
0.005393
0.005414
0.005393
0.005550
0.005393
0.005742
0.356795
0.005663
0.005345
0.005814
0.005393
0.005567
0.005393
0.005616
0.005394
0.005504
0.005392
0.005553
0.005392
0.005558
0.005392
0.005709
0.005393
0.005452
0.005393
0.005430
0.005392
0.005392
0.005401
0.005550
0.005393
0.005555
0.005394
0.005609
0.005394
0.005435
0.005393
0.005574
0.005393
0.005538
0.005394
0.005552
0.005212
0.005765
0.005394
0.005519
0.005393
0.005553
0.005393
0.005549
0.005393
0.005560
0.005393
0.005600
0.005393
0.005521
0.005393
0.005463
0.005392
0.005406
0.005392
0.005634
0.005392
0.005760
0.005392
0.005414
0.005392
0.005551
0.005393
0.005558
0.005393
0.005554
0.005393
0.005612
0.005392
0.005434
0.005394
0.005411
0.005393
0.005549
0.005394
0.005564
0.005393
0.005596
0.005393
0.005437
0.005394
0.005572
0.005393
0.005537
0.005394
0.005560
0.005392
0.005607
0.005394
0.005433
0.005394
0.005555
0.005393
0.005552
0.005394
0.005554
0.005394
0.005604
0.005395
0.005437
0.005394
0.005554
0.005401
0.005691
0.005393
0.005467
0.005398
0.005537
0.005397
0.332318
0.005171
0.005342
0.005900
0.005395
0.005264
0.005393
0.005335
0.005395
0.005575
0.005394
0.005572
0.005393
0.005568
0.005392
0.005571
0.005393
0.005569
0.005393
0.005566
0.005392
0.005564
0.005392
0.005575
0.005393
0.005562
0.005393
0.005564
0.005392
0.005565
0.005391
0.005563
0.005393
0.005573
0.005391
0.005563
0.005392
0.005567
0.005392
0.005630
0.005392
0.005340
0.005393
0.005543
0.005393
0.005557
0.005392
0.005558
0.005392
0.005556
0.005392
0.005559
0.005393
0.005551
0.005393
0.005560
0.005392
0.005551
0.005392
0.005557
0.005393
0.005552
0.005472
0.005478
0.005393
0.005570
0.005393
0.005538
0.005393
0.005560
0.005394
0.005553
0.005393
0.005556
0.005413
0.005532
0.005393
0.005555
0.005393
0.005554
0.005393
0.005552
0.005393
0.005559
0.005393
0.005553
0.005393
0.005558
0.005392
0.005554
0.005392
0.005559
0.005470
0.005475
0.005392
0.005558
0.005394
0.005551
0.005393
0.005559
0.005394
0.005558
0.005393
0.005626
0.005394
0.005482
0.005393
0.005552
0.005394
0.005410
0.005393
0.005551
0.005394
0.344830
0.005854
0.005210
0.005717
0.005147
0.005315
0.005643
0.005393
0.005763
0.005394
0.005441
0.005393
0.005555
0.005394
0.005556
0.005392
0.005560
0.005393
0.005829
0.005394
0.005293
0.005392
0.005545
0.005393
0.005551
0.005401
0.005546
0.005393
0.005610
0.005393
0.005434
0.005393
0.005572
0.005393
0.005541
0.005392
0.005557
0.005392
0.005604
0.005392
0.005391
0.005392
0.005467
0.005392
0.005556
0.005393
0.005556
0.005393
0.005608
0.005394
0.005433
0.005470
0.005476
0.005393
0.005554
0.005394
0.005404
0.005393
0.005610
0.005395
0.005429
0.005393
0.005559
0.005394
0.005555
0.005393
0.005555
0.005394
0.005606
0.005392
0.005440
0.005395
0.005567
0.005393
0.005539
0.005394
0.005558
0.005469
0.005525
0.005395
0.005430
0.005393
0.005570
0.005394
0.005538
0.005393
0.005552
0.005394
0.005608
0.005215
0.005632
0.005394
0.005412
0.005394
0.005554
0.005394
0.005556
0.005393
0.005609
0.005394
0.005431
0.005393
0.005559
0.005392
0.005699
0.005393
0.005479
0.005394
0.005541
0.005392
0.331913
0.005313
0.005682
0.005142
0.005389
0.005636
0.005392
0.005759
0.005427
0.005408
0.005393
0.005552
0.005393
0.005559
0.005392
0.005559
0.005394
0.005554
0.005470
0.005483
0.005394
0.005553
0.005392
0.005564
0.005393
0.005521
0.005392
0.005626
0.005397
0.005515
0.005397
0.005690
0.005394
0.005424
0.005393
0.005566
0.005392
0.005549
0.005391
0.005559
0.005392
0.005560
0.005213
0.005572
0.005391
0.005565
0.005392
0.005631
0.005392
0.005564
0.005393
0.005564
0.005393
0.005563
0.005393
0.005564
0.005391
0.005563
0.005392
0.005561
0.005393
0.005562
0.005393
0.005561
0.005393
0.005564
0.005393
0.005563
0.005393
0.005561
0.005394
0.005561
0.005393
0.005566
0.005393
0.005562
0.005392
0.005491
0.005393
0.005494
0.005393
0.005563
0.005392
0.005559
0.005393
0.005568
0.005392
0.005548
0.005393
0.005631
0.005393
0.005485
0.005391
0.005553
0.005392
0.005558
0.005392
0.005552
0.005392
0.005559
0.005394
0.005554
0.005392
0.005555
0.005392
0.005561
0.005393
0.005560
0.005470
0.005296
0.005392
0.005573
0.005393
0.339747
0.005373
0.005236
0.005372
0.005550
0.005392
0.005569
0.005215
0.005610
0.005393
0.005576
0.005393
0.005719
0.005393
0.005565
0.005393
0.005683
0.005394
0.005436
0.005391
0.005563
0.005393
0.005604
0.005393
0.005434
0.005393
0.005553
0.005394
0.005554
0.005392
0.005558
0.005393
0.005605
0.005393
0.005443
0.005394
0.005550
0.005400
0.005550
0.005393
0.005553
0.005394
0.005602
0.005394
0.005436
0.005394
0.005555
0.005394
0.005555
0.005394
0.005557
0.005393
0.005609
0.005393
0.005437
0.005395
0.005553
0.005212
0.005633
0.005392
0.005641
0.005393
0.005614
0.005400
0.005432
0.005394
0.005571
0.005393
0.005543
0.005395
0.005557
0.005394
0.005602
0.005393
0.005727
0.005394
0.005349
0.005395
0.005465
0.005393
0.005551
0.005393
0.005605
0.005394
0.005438
0.005394
0.005553
0.005392
0.005561
0.005470
0.005474
0.005393
0.005612
0.005395
0.005433
0.005394
0.005568
0.005393
0.005543
0.005393
0.005554
0.005393
0.005610
0.005394
0.005435
0.005392
0.005743
0.005364
0.005401
0.005394
0.005549
0.336682
0.005736
0.005129
0.005573
0.005395
0.005610
0.005392
0.005612
0.005262
0.005664
0.005395
0.005568
0.005392
0.005563
0.005393
0.005569
0.005393
0.005565
0.005392
0.005621
0.005393
0.005510
0.005394
0.005625
0.005392
0.005314
0.005393
0.005566
0.005392
0.005623
0.005392
0.005563
0.005393
0.005579
0.005394
0.005542
0.005391
0.005559
0.005394
0.005736
0.005393
0.005383
0.005394
0.005541
0.005393
0.005562
0.005394
0.005553
0.005393
0.005673
0.005394
0.005378
0.005394
0.005541
0.005393
0.005560
0.005393
0.005554
0.005394
0.005607
0.005394
0.005447
0.005394
0.005539
0.005393
0.005555
0.005394
0.005555
0.005393
0.005554
0.005392
0.005553
0.005394
0.005651
0.005393
0.005456
0.005400
0.005551
0.005394
0.005551
0.005393
0.005558
0.005394
0.005554
0.005394
0.005560
0.005394
0.005555
0.005392
0.005556
0.005393
0.005557
0.005387
0.005563
0.005392
0.005560
0.005394
0.005552
0.005394
0.005554
0.005394
0.005554
0.005393
0.005627
0.005393
0.005481
0.005471
0.005479
0.005393
0.005612
0.005394
0.005383
0.331978
0.005361
0.005236
0.005642
0.005277
0.005394
0.005366
0.005393
0.005552
0.005393
0.005555
0.005394
0.005555
0.005393
0.005552
0.005393
0.005559
0.005392
0.005559
0.005393
0.005558
0.005394
0.005536
0.005392
0.005710
0.005393
0.005409
0.005392
0.005555
0.005393
0.005567
0.005392
0.005551
0.005393
0.005552
0.005393
0.005558
0.005394
0.005554
0.005393
0.005560
0.005393
0.005553
0.005393
0.005557
0.005393
0.005554
0.005393
0.005557
0.005393
0.005561
0.005392
0.005558
0.005393
0.005558
0.005393
0.005553
0.005394
0.005559
0.005392
0.005772
0.005393
0.005348
0.005392
0.005544
0.005394
0.005555
0.005196
0.005146
0.005390
0.005396
0.005392
0.005397
0.005393
0.005678
0.005393
0.005634
0.005506
0.005504
0.005393
0.005610
0.005394
0.005429
0.005471
0.005495
0.005393
0.005535
0.005393
0.005554
0.005393
0.005611
0.005393
0.005437
0.005394
0.005612
0.005392
0.005495
0.005393
0.005554
0.005392
0.005452
0.005393
0.005433
0.005392
0.005558
0.005393
0.005555
0.005393
0.005557
0.005392
0.005455
0.005393
0.005633
0.337336
0.005345
0.005372
0.005371
0.005630
0.005142
0.005390
0.005203
0.005273
0.005525
0.005400
0.005393
0.005392
0.005553
0.005392
0.005610
0.005394
0.005432
0.005394
0.005556
0.005393
0.005554
0.005393
0.005557
0.005394
0.005603
0.005393
0.005447
0.005393
0.005546
0.005393
0.005629
0.005393
0.005480
0.005393
0.005613
0.005470
0.005365
0.005391
0.005548
0.005393
0.005564
0.005392
0.005554
0.005392
0.005610
0.005393
0.005435
0.005393
0.005570
0.005393
0.005541
0.005393
0.005555
0.005393
0.005608
0.005394
0.005436
0.005393
0.005560
0.005393
0.005551
0.005400
0.005550
0.005394
0.005606
0.005392
0.005441
0.005394
0.005556
0.005393
0.005552
0.005393
0.005561
0.005393
0.005599
0.005526
0.005323
0.005393
0.005542
0.005393
0.005556
0.005394
0.005557
0.005392
0.005761
0.005393
0.005365
0.005471
0.005470
0.005393
0.005563
0.005393
0.005701
0.005392
0.005600
0.005393
0.005377
0.005392
0.005564
0.005393
0.005541
0.005393
0.005557
0.005393
0.005607
0.005393
0.005437
0.005393
0.005559
0.005244
0.005632
0.332034
0.005346
0.005655
0.005376
0.005451
0.005214
0.005390
0.005393
0.005393
0.005394
0.005393
0.005393
0.005394
0.005393
0.005617
0.005392
0.005611
0.005393
0.005578
0.005392
0.005648
0.005394
0.005564
0.005393
0.005563
0.005393
0.005563
0.005393
0.005629
0.005393
0.005622
0.005393
0.005488
0.005392
0.005566
0.005393
0.005551
0.005393
0.005553
0.005392
0.005560
0.005392
0.005554
0.005392
0.005656
0.005393
0.005457
0.005393
0.005559
0.005394
0.005555
0.005393
0.005551
0.005392
0.005559
0.005392
0.005560
0.005393
0.005560
0.005393
0.005555
0.005399
0.005550
0.005394
0.005552
0.005393
0.005554
0.005392
0.005556
0.005393
0.005556
0.005393
0.005557
0.005392
0.005556
0.005393
0.005558
0.005392
0.005551
0.005393
0.005559
0.005392
0.005554
0.005392
0.005631
0.005393
0.005480
0.005392
0.005559
0.005392
0.005554
0.005470
0.005478
0.005393
0.005556
0.005394
0.005417
0.005393
0.005561
0.005393
0.005560
0.005393
0.005543
0.005393
0.005556
0.005392
0.005556
0.005394
0.005554
0.005393
0.005559
0.005497
0.005451
0.343918
0.005397
0.005387
0.005392
0.005561
0.005392
0.005549
0.005392
0.005559
0.005277
0.005618
0.005393
0.005542
0.005392
0.005569
0.005393
0.005535
0.005392
0.005530
0.005393
0.005601
0.005393
0.005515
0.005393
0.005476
0.005391
0.005560
0.005392
0.005554
0.005391
0.005607
0.005393
0.005435
0.005391
0.005564
0.005393
0.005556
0.005393
0.005550
0.005393
0.005610
0.005393
0.005439
0.005393
0.005399
0.005394
0.005559
0.005392
0.005561
0.005393
0.005606
0.005394
0.005437
0.005393
0.005560
0.005393
0.005551
0.005392
0.005567
0.005393
0.005442
0.005393
0.005446
0.005394
0.005562
0.005392
0.005544
0.005392
0.005559
0.005393
0.005608
0.005394
0.005433
0.005392
0.005558
0.005393
0.005611
0.005511
0.005437
0.005398
0.005536
0.005397
0.005429
0.005398
0.005548
0.005392
0.005629
0.005391
0.005486
0.005400
0.005603
0.005392
0.005436
0.005393
0.005558
0.005393
0.005553
0.005391
0.005561
0.005393
0.005606
0.005393
0.005440
0.005393
0.005553
0.005392
0.005560
0.005391
0.005556
0.005393
0.005447
0.334443
0.005352
0.005675
0.005135
0.005802
0.005393
0.005614
0.005393
0.005569
0.005393
0.005569
0.005394
0.005567
0.005393
0.005702
0.005394
0.005540
0.005395
0.005561
0.005393
0.005550
0.005393
0.005556
0.005394
0.005557
0.005393
0.005716
0.005393
0.005400
0.005394
0.005551
0.005393
0.005554
0.005393
0.005558
0.005393
0.005561
0.005393
0.005550
0.005392
0.005557
0.005393
0.005554
0.005393
0.005468
0.005394
0.005630
0.005392
0.005565
0.005395
0.005631
0.005394
0.005475
0.005394
0.005556
0.005393
0.005555
0.005394
0.005561
0.005393
0.005554
0.005388
0.005415
0.005393
0.005549
0.005394
0.005554
0.005392
0.005558
0.005394
0.005555
0.005394
0.005558
0.005393
0.005646
0.005400
0.005451
0.005394
0.005615
0.005393
0.005552
0.005392
0.005493
0.005398
0.005552
0.005393
0.005557
0.005393
0.005551
0.005394
0.005557
0.005393
0.005552
0.005392
0.005549
0.005394
0.005563
0.005393
0.005563
0.005393
0.005556
0.005392
0.005555
0.005393
0.005555
0.005399
0.005426
0.005392
0.005562
0.005393
0.005553
0.005213
0.334116
0.005535
0.005152
0.005357
0.005769
0.005393
0.005321
0.005394
0.005425
0.005393
0.005558
0.005400
0.005381
0.005393
0.005550
0.005393
0.005741
0.005393
0.005374
0.005393
0.005546
0.005393
0.005554
0.005393
0.005557
0.005393
0.005600
0.005393
0.005570
0.005393
0.005441
0.005393
0.005532
0.005393
0.005555
0.005394
0.005669
0.005394
0.005374
0.005393
0.005543
0.005393
0.005558
0.005393
0.005553
0.005417
0.005588
0.005394
0.005428
0.005394
0.005552
0.005394
0.005553
0.005393
0.005551
0.005395
0.005606
0.005393
0.005436
0.005393
0.005557
0.005393
0.005561
0.005394
0.005549
0.005393
0.005602
0.005393
0.005432
0.005392
0.005557
0.005393
0.005552
0.005394
0.005551
0.005394
0.005606
0.005394
0.005437
0.005392
0.005635
0.005392
0.005477
0.005394
0.005548
0.005392
0.005606
0.005393
0.005439
0.005400
0.005547
0.005394
0.005551
0.005394
0.005552
0.005393
0.005609
0.005394
0.005432
0.005392
0.005559
0.005393
0.005550
0.005394
0.005554
0.005393
0.005602
0.005394
0.005434
0.005394
0.005555
0.005394
0.005668
0.352516
0.005393
0.005190
0.005370
0.005432
0.005149
0.005605
0.005393
0.005579
0.005211
0.005394
0.005394
0.005662
0.005392
0.005561
0.005392
0.005564
0.005392
0.005635
0.005393
0.005564
0.005392
0.005614
0.005393
0.005527
0.005392
0.005348
0.005393
0.005530
0.005391
0.005561
0.005393
0.005602
0.005392
0.005439
0.005392
0.005560
0.005392
0.005553
0.005394
0.005557
0.005393
0.005796
0.005394
0.005286
0.005393
0.005438
0.005393
0.005563
0.005468
0.005476
0.005393
0.005555
0.005392
0.005554
0.005393
0.005556
0.005392
0.005566
0.005530
0.005409
0.005392
0.005556
0.005392
0.005555
0.005393
0.005556
0.005393
0.005548
0.005391
0.005557
0.005393
0.005550
0.005392
0.005556
0.005393
0.005366
0.005393
0.005573
0.005399
0.005569
0.005393
0.005637
0.005393
0.005564
0.005392
0.005561
0.005393
0.005562
0.005392
0.005563
0.005392
0.005562
0.005392
0.005562
0.005393
0.005561
0.005392
0.005565
0.005392
0.005563
0.005391
0.005565
0.005393
0.005562
0.005391
0.005562
0.005393
0.005561
0.336261
0.005398
0.005235
0.005399
0.005420
0.005396
0.005553
0.005392
0.005557
0.005393
0.005557
0.005393
0.005553
0.005392
0.005558
0.005394
0.005564
0.005393
0.005555
0.005393
0.005564
0.005395
0.005547
0.005393
0.005564
0.005393
0.005556
0.005393
0.005555
0.005394
0.005552
0.005392
0.005561
0.005393
0.005549
0.005393
0.005557
0.005393
0.005553
0.005393
0.005559
0.005392
0.005560
0.005393
0.005555
0.005393
0.005562
0.005393
0.005564
0.005393
0.005627
0.005393
0.005482
0.005392
0.005608
0.005393
0.005437
0.005392
0.005559
0.005393
0.005554
0.005394
0.005552
0.005393
0.005450
0.005394
0.005431
0.005394
0.005561
0.005394
0.005553
0.005393
0.005555
0.005393
0.005673
0.005393
0.005381
0.005393
0.005547
0.005394
0.005558
0.005394
0.005418
0.005392
0.005602
0.005392
0.005440
0.005392
0.005558
0.005393
0.005556
0.005394
0.005552
0.005394
0.005603
0.005393
0.005441
0.005209
0.005632
0.005392
0.005622
0.005394
0.005631
0.005394
0.005568
0.005393
0.005486
0.005393
0.005504
0.005394
0.005556
0.005394
0.005557
0.352205
0.005256
0.005704
0.005370
0.005249
0.005147
0.005391
0.005392
0.005394
0.005275
0.005394
0.005393
0.005592
0.005393
0.005592
0.005392
0.005622
0.005393
0.005550
0.005393
0.005601
0.005392
0.005575
0.005391
0.005548
0.005393
0.005711
0.005393
0.005403
0.005393
0.005609
0.005394
0.005433
0.005394
0.005559
0.005392
0.005552
0.005393
0.005559
0.005393
0.005606
0.005393
0.005439
0.005469
0.005396
0.005392
0.005562
0.005393
0.005567
0.005393
0.005613
0.005394
0.005500
0.005393
0.005549
0.005392
0.005553
0.005394
0.005554
0.005395
0.005600
0.005394
0.005432
0.005393
0.005554
0.005394
0.005558
0.005392
0.005552
0.005401
0.005602
0.005393
0.005504
0.005394
0.005484
0.005392
0.005557
0.005394
0.005558
0.005394
0.005609
0.005394
0.005434
0.005393
0.005561
0.005393
0.005554
0.005393
0.005561
0.005393
0.005605
0.005393
0.005298
0.005393
0.005553
0.005392
0.005341
0.005393
0.005547
0.005392
0.005556
0.005395
0.005556
0.005394
0.005550
0.005393
0.005667
0.005393
0.005450
0.350409
0.005185
0.005364
0.005575
0.005399
0.005243
0.005398
0.005421
0.005392
0.005556
0.005395
0.005557
0.005468
0.005474
0.005392
0.005559
0.005392
0.005553
0.005392
0.005557
0.005392
0.005631
0.005392
0.005482
0.005391
0.005559
0.005392
0.005557
0.005392
0.005558
0.005392
0.005556
0.005393
0.005558
0.005392
0.005552
0.005392
0.005557
0.005391
0.005559
0.005392
0.005558
0.005392
0.005622
0.005393
0.005615
0.005392
0.005433
0.005392
0.005557
0.005391
0.005565
0.005392
0.005550
0.005392
0.005559
0.005393
0.005552
0.005392
0.005561
0.005393
0.005555
0.005315
0.005562
0.005392
0.005565
0.005392
0.005562
0.005393
0.005566
0.005391
0.005562
0.005392
0.005630
0.005391
0.005526
0.005393
0.005555
0.005392
0.005366
0.005392
0.005557
0.005394
0.005560
0.005393
0.005629
0.005391
0.005565
0.005393
0.005563
0.005392
0.005564
0.005392
0.005562
0.005392
0.005564
0.005392
0.005563
0.005470
0.005552
0.005391
0.005609
0.005393
0.005437
0.005392
0.005571
0.005392
0.005542
0.005394
0.005558
0.330105
0.005234
0.005610
0.005151
0.005390
0.005635
0.005393
0.005764
0.005394
0.005414
0.005393
0.005548
0.005393
0.005557
0.005393
0.005550
0.005393
0.005606
0.005393
0.005427
0.005392
0.005557
0.005393
0.005550
0.005393
0.005554
0.005393
0.005607
0.005473
0.005370
0.005394
0.005559
0.005393
0.005536
0.005394
0.005552
0.005392
0.005607
0.005394
0.005432
0.005391
0.005556
0.005392
0.005558
0.005393
0.005554
0.005392
0.005605
0.005393
0.005436
0.005393
0.005623
0.005394
0.005476
0.005400
0.005545
0.005392
0.005606
0.005394
0.005433
0.005393
0.005553
0.005392
0.005555
0.005393
0.005554
0.005393
0.005610
0.005394
0.005521
0.005392
0.005464
0.005393
0.005548
0.005394
0.005554
0.005393
0.005601
0.005393
0.005436
0.005393
0.005580
0.005393
0.005673
0.005393
0.005406
0.005392
0.005599
0.005392
0.005437
0.005394
0.005548
0.005392
0.005551
0.005393
0.005551
0.005393
0.005606
0.005392
0.005433
0.005231
0.005633
0.005393
0.005644
0.005392
0.005547
0.005393
0.005676
0.005392
0.005373
0.005392
0.005548
0.005394
0.350719
0.005394
0.005193
0.005370
0.005408
0.005144
0.005607
0.005392
0.005579
0.005393
0.005650
0.005393
0.005568
0.005393
0.005563
0.005392
0.005562
0.005393
0.005563
0.005393
0.005563
0.005394
0.005564
0.005393
0.005571
0.005393
0.005552
0.005393
0.005553
0.005394
0.005556
0.005393
0.005552
0.005393
0.005551
0.005394
0.005550
0.005393
0.005556
0.005393
0.005553
0.005392
0.005555
0.005393
0.005553
0.005394
0.005551
0.005227
0.005568
0.005394
0.005566
0.005393
0.005568
0.005394
0.005576
0.005393
0.005565
0.005394
0.005567
0.005392
0.005563
0.005394
0.005565
0.005392
0.005481
0.005394
0.005566
0.005394
0.005563
0.005393
0.005565
0.005392
0.005563
0.005393
0.005638
0.005392
0.005548
0.005393
0.005558
0.005393
0.005555
0.005546
0.005412
0.005470
0.005464
0.005393
0.005551
0.005392
0.005554
0.005394
0.005553
0.005392
0.005555
0.005393
0.005552
0.005393
0.005556
0.005393
0.005382
0.005392
0.005553
0.005393
0.005557
0.005392
0.005552
0.005393
0.005555
0.005393
0.005552
0.005394
0.338624
0.005346
0.005363
0.005376
0.005647
0.005398
0.005206
0.005399
0.005434
0.005391
0.005550
0.005395
0.005609
0.005392
0.005404
0.005394
0.005358
0.005393
0.005575
0.005401
0.005566
0.005392
0.005621
0.005394
0.005562
0.005392
0.005565
0.005392
0.005552
0.005393
0.005559
0.005393
0.005811
0.005392
0.005306
0.005393
0.005540
0.005392
0.005559
0.005393
0.005551
0.005393
0.005609
0.005394
0.005433
0.005468
0.005497
0.005393
0.005542
0.005393
0.005397
0.005393
0.005604
0.005394
0.005433
0.005393
0.005555
0.005394
0.005553
0.005393
0.005553
0.005392
0.005609
0.005393
0.005504
0.005393
0.005613
0.005394
0.005422
0.005395
0.005557
0.005469
0.005529
0.005394
0.005436
0.005393
0.005556
0.005393
0.005554
0.005394
0.005566
0.005392
0.005593
0.005230
0.005566
0.005393
0.005564
0.005393
0.005566
0.005392
0.005560
0.005393
0.005607
0.005392
0.005432
0.005392
0.005572
0.005394
0.005603
0.005392
0.005495
0.005393
0.005605
0.005394
0.005435
0.005392
0.005558
0.005393
0.005551
0.005394
0.005555
0.005394
0.349884
0.005169
0.005390
0.005394
0.005392
0.005394
0.005713
0.005393
0.005564
0.005393
0.005577
0.005392
0.005566
0.005393
0.005684
0.005395
0.005544
0.005392
0.005329
0.005393
0.005541
0.005393
0.005553
0.005393
0.005626
0.005392
0.005480
0.005393
0.005557
0.005392
0.005553
0.005229
0.005566
0.005391
0.005565
0.005393
0.005565
0.005391
0.005566
0.005393
0.005682
0.005392
0.005543
0.005393
0.005556
0.005393
0.005562
0.005394
0.005653
0.005391
0.005441
0.005392
0.005558
0.005392
0.005551
0.005392
0.005553
0.005392
0.005555
0.005393
0.005554
0.005468
0.005480
0.005391
0.005556
0.005393
0.005415
0.005393
0.005547
0.005393
0.005556
0.005392
0.005553
0.005392
0.005552
0.005394
0.005553
0.005393
0.005552
0.005392
0.005556
0.005524
0.005414
0.005392
0.005558
0.005392
0.005546
0.005392
0.005635
0.005392
0.005477
0.005470
0.005478
0.005392
0.005550
0.005392
0.005555
0.005392
0.005467
0.005393
0.005562
0.005393
0.005566
0.005393
0.005562
0.005392
0.005563
0.005393
0.005562
0.005392
