3.072976
1.112360
1.114665
1.115827
1.112490
1.114152
1.100832
1.108619
1.114353
1.111308
1.111634
1.115771
1.115014
1.116555
1.115651
1.115831
1.114321
1.115536
1.101234
1.114105
1.115512
1.117719
1.105377
1.117721
1.116819
1.117352
1.117742
1.114648
1.115560
1.114502
1.116171
1.115946
1.107469
1.108896
1.118257
1.115748
1.108216
1.114920
1.112507
1.115102
1.115750
1.115636
1.115122
1.116306
1.114477
1.115855
1.117962
1.108885
1.115638
1.115227
1.114372
1.115867
1.116602
1.115035
1.115528
1.116141
1.113869
1.116257
1.115412
1.116326
1.115009
1.112716
1.112527
1.113890
1.115390
1.116316
1.115273
1.115919
1.115908
1.114848
1.115142
1.115563
1.117158
1.115229
1.114358
1.115447
1.116718
1.114441
1.116159
1.115318
1.116101
1.116650
1.115587
1.115269
1.106345
1.104816
1.113395
1.118879
1.109995
1.114473
1.115472
1.115699
1.116410
1.114747
1.104710
1.114426
1.117141
1.115724
1.114226
1.115501
