0.327660
0.344996
0.330936
0.338591
0.339920
0.328478
0.333813
0.320310
0.329552
0.340749
0.340830
0.339594
0.320482
0.328457
0.326603
0.326181
0.325968
0.338795
0.330175
0.347018
0.327265
0.328169
0.322918
0.327084
0.340620
0.325247
0.330427
0.320484
0.346196
0.328500
0.332498
0.323888
0.339257
0.341654
0.326169
0.334925
0.330232
0.331629
0.323794
0.338189
0.350389
0.326440
0.337458
0.333181
0.357831
0.350591
0.345492
0.325865
0.344511
0.341944
0.347109
0.335893
0.331695
0.332430
0.327062
0.330697
0.332405
0.328902
0.334595
0.338985
0.334219
0.340235
0.324771
0.344298
0.326169
0.345635
0.332053
0.326059
0.331492
0.327318
0.335888
0.326162
0.332355
0.338386
0.325736
0.330089
0.326042
0.339719
0.322412
0.348074
0.326292
0.339995
0.324291
0.332353
0.328888
0.325079
0.331767
0.326932
0.336941
0.327910
0.324953
0.346639
0.327042
0.347775
0.343534
0.324167
0.343544
0.332507
0.344961
0.326150
