Fri Jun 29 2018 18:42:51 0 0 -1.5708 0 0 0 0 0 0 0 0 0 0 1 0 1 0 
Fri Jun 29 2018 18:42:51 0 -1.5708 0 0 0 0 0 0 0 0 0 0 0 1 0 1 0 
Fri Jun 29 2018 18:42:51 -1.5708 0 0 0 0 0 0 0 0 0 0 0 0 1 0 1 0 
Fri Jun 29 2018 18:42:51 0 0 0 0 0 0 0 0 0 0 0 -1.5708 0 1 0 1 0 
Fri Jun 29 2018 18:42:51 0 0 0 0 0 0 0 0 0 0 -1.5708 0 0 1 0 1 0 
Fri Jun 29 2018 18:42:59 0 0 -1.5708 0 0 0 0 0 0 0 0 0 0 1 0 1 0 
Fri Jun 29 2018 18:42:59 0 -1.5708 0 0 0 0 0 0 0 0 0 0 0 1 0 1 0 
Fri Jun 29 2018 18:43:03 0 0 -1.5708 0 0 0 0 0 0 0 0 0 0 1 0 1 0 
Fri Jun 29 2018 18:43:03 0 -1.5708 0 0 0 0 0 0 0 0 0 0 0 1 0 1 0 
Fri Jun 29 2018 18:43:20 0 0 -1.5708 0 0 0 0 0 0 0 0 0 0 1 0 1 0 
Fri Jun 29 2018 18:43:20 0 -1.5708 0 0 0 0 0 0 0 0 0 0 0 1 0 1 0 
Fri Jun 29 2018 18:43:20 -1.5708 0 0 0 0 0 0 0 0 0 0 0 0 1 0 1 0 
Fri Jun 29 2018 18:43:20 0 0 0 0 0 0 0 0 0 0 0 -1.5708 0 1 0 1 0 
Fri Jun 29 2018 18:43:20 0 0 0 0 0 0 0 0 0 0 -1.5708 0 0 1 0 1 0 
Fri Jun 29 2018 18:43:20 0 0 0 0 0 0 0 0 0 -1.5708 0 0 0 1 0 1 0 
Fri Jun 29 2018 18:43:20 0 0 0 0 0 0 0 0 -1.5708 0 0 0 0 1 0 1 0 
Fri Jun 29 2018 18:43:29 0 0 -1.5708 0 0 0 0 0 0 0 0 0 0 1 0 1 0 
Fri Jun 29 2018 18:43:29 0 -1.5708 0 0 0 0 0 0 0 0 0 0 0 1 0 1 0 
Fri Jun 29 2018 18:43:29 -1.5708 0 0 0 0 0 0 0 0 0 0 0 0 1 0 1 0 
Fri Jun 29 2018 18:43:29 0 0 0 0 0 0 0 0 0 0 0 -1.5708 0 1 0 1 0 
Fri Jun 29 2018 18:43:36 0 0 -1.5708 0 0 0 0 0 0 0 0 0 0 1 0 1 0 
Fri Jun 29 2018 18:43:36 0 -1.5708 0 0 0 0 0 0 0 0 0 0 0 1 0 1 0 
Fri Jun 29 2018 18:43:40 0 0 -1.5708 0 0 0 0 0 0 0 0 0 0 1 0 1 0 
Fri Jun 29 2018 18:45:41 0 0 -1.5708 0 0 0 0 0 0 0 0 0 0 1 0 1 0 
Fri Jun 29 2018 18:45:41 0 -1.5708 0 0 0 0 0 0 0 0 0 0 0 1 0 1 0 
Fri Jun 29 2018 18:45:41 -1.5708 0 0 0 0 0 0 0 0 0 0 0 0 1 0 1 0 
Fri Jun 29 2018 18:45:46 0 0 -1.5708 0 0 0 0 0 0 0 0 0 0 1 0 1 0 
Fri Jun 29 2018 18:45:46 0 -1.5708 0 0 0 0 0 0 0 0 0 0 0 1 0 1 0 
Fri Jun 29 2018 18:45:51 0 0 -1.5708 0 0 0 0 0 0 0 0 0 0 1 0 1 0 
Fri Jun 29 2018 18:46:04 0 0 -1.5708 0 0 0 0 0 0 0 0 0 0 1 0 1 0 
Fri Jun 29 2018 18:46:04 0 -1.5708 0 0 0 0 0 0 0 0 0 0 0 1 0 1 0 
Fri Jun 29 2018 18:46:04 -1.5708 0 0 0 0 0 0 0 0 0 0 0 0 1 0 1 0 
Fri Jun 29 2018 18:46:04 0 0 0 0 0 0 0 0 0 0 0 -1.5708 0 1 0 1 0 
Fri Jun 29 2018 18:46:04 0 0 0 0 0 0 0 0 0 0 -1.5708 0 0 1 0 1 0 
Fri Jun 29 2018 18:46:04 0 0 0 0 0 0 0 0 0 -1.5708 0 0 0 1 0 1 0 
Fri Jun 29 2018 18:46:13 0 0 -1.5708 0 0 0 0 0 0 0 0 0 0 1 0 1 0 
Fri Jun 29 2018 18:46:13 0 -1.5708 0 0 0 0 0 0 0 0 0 0 0 1 0 1 0 
Fri Jun 29 2018 18:46:13 -1.5708 0 0 0 0 0 0 0 0 0 0 0 0 1 0 1 0 
