Thu Aug 09 2018 16:13:02 0 0 -1.5708 0.006699 0 0 0 0 0 0 0 0 0 1 0 1 0 
Thu Aug 09 2018 16:13:06 0 0 -1.5708 0.006699 0 0 0 0 0 0 0 0 0 1 0 1 0 
Thu Aug 09 2018 16:13:10 -0.0941 -0.0363 -1.57189 -0.00329 0.3285 -0.0024 0 0 0 0 0 0 0 1 0 1 0 
Thu Aug 09 2018 16:13:14 -0.1683 -0.2639 -1.57635 -0.01669 1.6665 -0.0257 0 0 0 0 0 0 0 1 0 1 0 
Thu Aug 09 2018 16:13:18 -0.2125 -0.7271 -1.58315 -0.02999 3.7049 -0.0876 0 0 0 0 0 0 0 1 0 1 0 
Thu Aug 09 2018 16:13:22 -0.2388 -1.3798 -1.59133 -0.04339 6.1567 -0.1945 0 0 0 0 0 0 0 1 0 1 0 
Thu Aug 09 2018 16:13:26 -0.2544 -2.1698 -1.60033 -0.05669 8.8515 -0.348 0 0 0 0 0 0 0 1 0 1 0 
Thu Aug 09 2018 16:13:30 -0.2637 -3.0574 -1.60981 -0.07009 11.6886 -0.5476 0 0 0 0 0 0 0 1 0 1 0 
Thu Aug 09 2018 16:13:34 -0.2693 -4.0163 -1.61958 -0.08338 14.6084 -0.7922 0 0 0 0 0 0 0 1 0 1 0 
Thu Aug 09 2018 16:13:38 -0.2725 -5.0296 -1.62952 -0.09678 17.5752 -1.0809 0 0 0 0 0 0 0 1 0 1 0 
Thu Aug 09 2018 16:13:42 -0.2744 -6.0872 -1.63957 -0.11008 20.5677 -1.4125 0 0 0 0 0 0 0 1 0 1 0 
Thu Aug 09 2018 16:13:46 -0.2756 -7.1826 -1.64968 -0.12348 23.5731 -1.7863 0 0 0 0 0 0 0 1 0 1 0 
Thu Aug 09 2018 16:13:50 -0.2762 -8.3122 -1.65983 -0.13678 26.5835 -2.2017 0 0 0 0 0 0 0 1 0 1 0 
Thu Aug 09 2018 16:13:54 -0.2766 -9.4736 -1.67 -0.15018 29.5938 -2.6582 0 0 0 0 0 0 0 1 0 1 0 
Thu Aug 09 2018 16:13:58 -0.2768 -10.6656 -1.68018 -0.16347 32.6012 -3.1556 0 0 0 0 0 0 0 1 0 1 0 
Thu Aug 09 2018 16:14:02 -0.2769 -11.8873 -1.69038 -0.17687 35.6033 -3.6935 0 0 0 0 0 0 0 1 0 1 0 
Thu Aug 09 2018 16:14:06 -0.2769 -13.1382 -1.70058 -0.19017 38.5989 -4.2717 0 0 0 0 0 0 0 1 0 1 0 
Thu Aug 09 2018 16:14:10 -0.277 -14.4181 -1.71079 -0.20357 41.5868 -4.89 0 0 0 0 0 0 0 1 0 1 0 
Thu Aug 09 2018 16:14:14 -0.2769 -15.7267 -1.72101 -0.21687 44.5661 -5.5483 0 0 0 0 0 0 0 1 0 1 0 
Thu Aug 09 2018 16:14:18 -0.2769 -17.0641 -1.73123 -0.23027 47.5362 -6.2463 0 0 0 0 0 0 0 1 0 1 0 
Thu Aug 09 2018 16:14:22 -0.193 -17.9168 -1.73489 -0.25776 48.598 -6.4981 0 0 0 0 0 0 0 1 0 1 0 
Thu Aug 09 2018 16:14:26 -0.005 -18.2674 -1.73042 -0.29946 47.3124 -6.1299 0 0 0 0 0 0 0 1 0 1 0 
Thu Aug 09 2018 16:14:30 0.1097 -18.7066 -1.73173 -0.34125 47.6834 -6.2628 0 0 0 0 0 0 0 1 0 1 0 
Thu Aug 09 2018 16:14:34 0.225 -18.8648 -1.73715 -0.38295 49.2188 -6.8631 0 0 0 0 0 0 0 1 0 1 0 
Thu Aug 09 2018 16:14:38 0.3027 -18.5421 -1.74626 -0.42464 51.77 -7.9793 0 0 0 0 0 0 0 1 0 1 0 
Thu Aug 09 2018 16:14:42 0.1221 -18.2959 -1.75515 -0.46634 54.2315 -9.1716 0 0 0 0 0 0 0 1 0 1 0 
Thu Aug 09 2018 16:14:46 0.0433 -18.6058 -1.75759 -0.50803 54.898 -9.5269 0 0 0 0 0 0 0 1 0 1 0 
Thu Aug 09 2018 16:14:50 0.1874 -18.7939 -1.76093 -0.54983 55.7988 -10.0711 0 0 0 0 0 0 0 1 0 1 0 
Thu Aug 09 2018 16:14:54 0.2802 -18.5152 -1.76858 -0.59152 57.8346 -11.4052 0 0 0 0 0 0 0 1 0 1 0 
Thu Aug 09 2018 16:14:58 0.2664 -17.8753 -1.77847 -0.63322 60.4208 -13.2529 0 0 0 0 0 0 0 1 0 1 0 
Thu Aug 09 2018 16:15:02 0.1046 -17.6013 -1.78616 -0.67491 62.3935 -14.7848 0 0 0 0 0 0 0 1 0 1 0 
Thu Aug 09 2018 16:15:06 0.1002 -17.7525 -1.78889 -0.71671 63.0797 -15.3669 0 0 0 0 0 0 0 1 0 1 0 
Thu Aug 09 2018 16:15:10 0.2261 -17.6557 -1.79368 -0.7584 64.262 -16.4674 0 0 0 0 0 0 0 1 0 1 0 
Thu Aug 09 2018 16:15:14 0.3032 -17.0691 -1.80184 -0.80009 66.2319 -18.4494 0 0 0 0 0 0 0 1 0 1 0 
Thu Aug 09 2018 16:15:18 0.2474 -16.1687 -1.81161 -0.84179 68.5279 -20.9549 0 0 0 0 0 0 0 1 0 1 0 
Thu Aug 09 2018 16:15:22 0.0104 -15.9941 -1.81676 -0.88348 69.7044 -22.3406 0 0 0 0 0 0 0 1 0 1 0 
Thu Aug 09 2018 16:15:26 -0.141 -16.0085 -1.81545 -0.92528 69.4134 -21.962 0 0 0 0 0 0 0 1 0 1 0 
Thu Aug 09 2018 16:15:30 -0.2311 -15.6818 -1.81039 -0.96697 68.3031 -20.401 0 0 0 0 0 0 0 1 0 1 0 
Thu Aug 09 2018 16:15:34 -0.2848 -14.9829 -1.80345 -1.00867 66.7976 -18.0883 0 0 0 0 0 0 0 1 0 1 0 
Thu Aug 09 2018 16:15:38 -0.3167 -13.9985 -1.79571 -1.05036 65.1367 -15.2894 0 0 0 0 0 0 0 1 0 1 0 
Thu Aug 09 2018 16:15:42 -0.3358 -12.8149 -1.78778 -1.09216 63.4553 -12.1673 0 0 0 0 0 0 0 1 0 1 0 
Thu Aug 09 2018 16:15:46 -0.3471 -11.4952 -1.78003 -1.13385 61.8296 -8.8228 0 0 0 0 0 0 0 1 0 1 0 
Thu Aug 09 2018 16:15:50 -0.3539 -10.0805 -1.77265 -1.17555 60.3034 -5.3199 0 0 0 0 0 0 0 1 0 1 0 
Thu Aug 09 2018 16:15:54 -0.3579 -8.5968 -1.76575 -1.21724 58.9022 -1.6998 0 0 0 0 0 0 0 1 0 1 0 
Thu Aug 09 2018 16:15:58 -0.3604 -7.06 -1.75939 -1.25904 57.641 2.0099 0 0 0 0 0 0 0 1 0 1 0 
Thu Aug 09 2018 16:16:02 -0.3618 -5.4798 -1.75359 -1.30073 56.5289 5.7898 0 0 0 0 0 0 0 1 0 1 0 
Thu Aug 09 2018 16:16:06 -0.3627 -3.8619 -1.74839 -1.34243 55.5717 9.6253 0 0 0 0 0 0 0 1 0 1 0 
Thu Aug 09 2018 16:16:10 -0.3633 -2.2097 -1.74376 -1.38412 54.7732 13.5052 0 0 0 0 0 0 0 1 0 1 0 
Thu Aug 09 2018 16:16:14 -0.3636 -0.5254 -1.73972 -1.42592 54.1359 17.4199 0 0 0 0 0 0 0 1 0 1 0 
Thu Aug 09 2018 16:16:18 -0.3638 0 -1.73625 -1.46761 53.6614 21.3607 0 0 0 0 0 0 0 1 0 1 0 
Thu Aug 09 2018 16:16:22 -0.1464 0 -1.73495 -1.50931 53.501 22.9846 0 0 0 0 0 0 0 1 0 1 0 
Thu Aug 09 2018 16:16:26 0.0247 0 -1.73547 -1.551 53.5264 22.094 0 0 0 0 0 0 0 1 0 1 0 
Thu Aug 09 2018 16:16:30 0.0432 0 -1.73517 -1.5928 53.5231 22.68 0 0 0 0 0 0 0 1 0 1 0 
Thu Aug 09 2018 16:16:34 -0.1311 0 -1.73518 -1.63449 53.496 22.4878 0 0 0 0 0 0 0 1 0 1 0 
Thu Aug 09 2018 16:16:38 -0.1996 0 -1.73553 -1.67619 53.3227 20.7516 0 0 0 0 0 0 0 1 0 1 0 
Thu Aug 09 2018 16:16:42 -0.2172 0 -1.73572 -1.71708 53.0096 18.4955 0 0 0 0 0 0 0 1 0 1 0 
Thu Aug 09 2018 16:16:46 -0.2196 0 -1.73562 -1.75798 52.5808 16.1156 0 0 0 0 0 0 0 1 0 1 0 
Thu Aug 09 2018 16:16:50 -0.208 0 -1.73521 -1.79887 52.0609 13.7803 0 0 0 0 0 0 0 1 0 1 0 
Thu Aug 09 2018 16:16:54 -0.2035 0 -1.73452 -1.83976 51.4755 11.5823 0 0 0 0 0 0 0 1 0 1 0 
Thu Aug 09 2018 16:16:58 -0.2265 0 -1.7335 -1.87976 50.7806 9.3448 0 0 0 0 0 0 0 1 0 1 0 
Thu Aug 09 2018 16:17:02 -0.2216 0 -1.73206 -1.91985 49.9329 6.9533 0 0 0 0 0 0 0 1 0 1 0 
Thu Aug 09 2018 16:17:06 -0.1843 -0.1413 -1.73042 -1.95945 49.0716 4.7995 0 0 0 0 0 0 0 1 0 1 0 
Thu Aug 09 2018 16:17:10 -0.1794 -0.492 -1.72878 -1.99874 48.2731 3.016 0 0 0 0 0 0 0 1 0 1 0 
Thu Aug 09 2018 16:17:14 -0.2183 -0.9626 -1.72668 -2.03794 47.3196 1.0948 0 0 0 0 0 0 0 1 0 1 0 
Thu Aug 09 2018 16:17:18 -0.2423 -1.6098 -1.72389 -2.07714 46.1195 -1.1079 0 0 0 0 0 0 0 1 0 1 0 
Thu Aug 09 2018 16:17:22 -0.2565 -2.3861 -1.72047 -2.11633 44.7208 -3.454 0 0 0 0 0 0 0 1 0 1 0 
Thu Aug 09 2018 16:17:26 -0.265 -3.2544 -1.71649 -2.15563 43.1598 -5.8545 0 0 0 0 0 0 0 1 0 1 0 
Thu Aug 09 2018 16:17:30 -0.27 -4.1904 -1.71196 -2.19482 41.4609 -8.2558 0 0 0 0 0 0 0 1 0 1 0 
Thu Aug 09 2018 16:17:34 -0.273 -5.1786 -1.70694 -2.23402 39.6409 -10.6254 0 0 0 0 0 0 0 1 0 1 0 
Thu Aug 09 2018 16:17:38 -0.2747 -6.2097 -1.70142 -2.27321 37.7119 -12.9428 0 0 0 0 0 0 0 1 0 1 0 
Thu Aug 09 2018 16:17:42 -0.2758 -7.2778 -1.69543 -2.31241 35.6826 -15.1945 0 0 0 0 0 0 0 1 0 1 0 
Thu Aug 09 2018 16:17:47 -0.2764 -8.3796 -1.68899 -2.3517 33.56 -17.3715 0 0 0 0 0 0 0 1 0 1 0 
Thu Aug 09 2018 16:17:50 -0.2767 -9.5129 -1.68208 -2.3909 31.3495 -19.4672 0 0 0 0 0 0 0 1 0 1 0 
Thu Aug 09 2018 16:17:54 -0.2769 -10.6766 -1.67474 -2.43009 29.0561 -21.4763 0 0 0 0 0 0 0 1 0 1 0 
Thu Aug 09 2018 16:17:58 -0.277 -11.87 -1.66697 -2.46929 26.6843 -23.3948 0 0 0 0 0 0 0 1 0 1 0 
Thu Aug 09 2018 16:18:02 -0.277 -13.0924 -1.65878 -2.50858 24.2383 -25.2191 0 0 0 0 0 0 0 1 0 1 0 
Thu Aug 09 2018 16:18:06 -0.277 -14.3438 -1.65018 -2.54778 21.7223 -26.946 0 0 0 0 0 0 0 1 0 1 0 
Thu Aug 09 2018 16:18:10 -0.277 -15.624 -1.6412 -2.58697 19.1404 -28.5727 0 0 0 0 0 0 0 1 0 1 0 
Thu Aug 09 2018 16:18:14 -0.277 -16.9328 -1.63184 -2.62617 16.4967 -30.0966 0 0 0 0 0 0 0 1 0 1 0 
Thu Aug 09 2018 16:18:18 -0.2769 -18.2703 -1.62213 -2.66546 13.7955 -31.5152 0 0 0 0 0 0 0 1 0 1 0 
Thu Aug 09 2018 16:18:22 -0.193 -19.123 -1.61857 -2.68876 12.8131 -31.9899 0 0 0 0 0 0 0 1 0 1 0 
Thu Aug 09 2018 16:18:26 -0.005 -19.4736 -1.62292 -2.69386 14.0142 -31.4015 0 0 0 0 0 0 0 1 0 1 0 
Thu Aug 09 2018 16:18:30 0.1097 -19.9128 -1.6216 -2.69546 13.6509 -31.5548 0 0 0 0 0 0 0 1 0 1 0 
Thu Aug 09 2018 16:18:34 0.225 -20.071 -1.61615 -2.69476 12.1522 -32.2418 0 0 0 0 0 0 0 1 0 1 0 
Thu Aug 09 2018 16:18:38 0.3027 -19.7483 -1.60689 -2.69326 9.6266 -33.4155 0 0 0 0 0 0 0 1 0 1 0 
Thu Aug 09 2018 16:18:42 0.2069 -19.2931 -1.59646 -2.68776 6.8086 -34.738 0 0 0 0 0 0 0 1 0 1 0 
Thu Aug 09 2018 16:18:46 0.0604 -19.4084 -1.5906 -2.68076 5.2394 -35.4781 0 0 0 0 0 0 0 1 0 1 0 
Thu Aug 09 2018 16:18:50 0.1657 -19.6314 -1.58722 -2.67056 4.3386 -35.907 0 0 0 0 0 0 0 1 0 1 0 
Thu Aug 09 2018 16:18:54 0.2671 -19.436 -1.5797 -2.65716 2.3432 -36.9065 0 0 0 0 0 0 0 1 0 1 0 
Thu Aug 09 2018 16:18:58 0.2858 -18.809 -1.56914 -2.64216 -0.4329 -38.3524 0 0 0 0 0 0 0 1 0 1 0 
Thu Aug 09 2018 16:19:02 0.1025 -18.502 -1.56044 -2.62417 -2.6962 -39.5729 0 0 0 0 0 0 0 1 0 1 0 
Thu Aug 09 2018 16:19:06 0.1806 -18.5513 -1.55595 -2.60377 -3.856 -40.2221 0 0 0 0 0 0 0 1 0 1 0 
Thu Aug 09 2018 16:19:10 0.2758 -18.1848 -1.54801 -2.58117 -5.8938 -41.4348 0 0 0 0 0 0 0 1 0 1 0 
Thu Aug 09 2018 16:19:14 0.2105 -17.6344 -1.53852 -2.55488 -8.2998 -42.9475 0 0 0 0 0 0 0 1 0 1 0 
Thu Aug 09 2018 16:19:18 0.1396 -17.3979 -1.53161 -2.52778 -10.0334 -44.0974 0 0 0 0 0 0 0 1 0 1 0 
Thu Aug 09 2018 16:19:22 0.2247 -17.1787 -1.52562 -2.49788 -11.5209 -45.1486 0 0 0 0 0 0 0 1 0 1 0 
Thu Aug 09 2018 16:19:26 0.2603 -16.5491 -1.51673 -2.46519 -13.7028 -46.8033 0 0 0 0 0 0 0 1 0 1 0 
Thu Aug 09 2018 16:19:30 0.2125 -15.9659 -1.5081 -2.43179 -15.7886 -48.4928 0 0 0 0 0 0 0 1 0 1 0 
Thu Aug 09 2018 16:19:34 0.1827 -15.5431 -1.501 -2.39839 -17.4816 -49.9581 0 0 0 0 0 0 0 1 0 1 0 
Thu Aug 09 2018 16:19:38 0.1649 -15.1914 -1.49487 -2.365 -18.9199 -51.2881 0 0 0 0 0 0 0 1 0 1 0 
Thu Aug 09 2018 16:19:42 0.1543 -14.8645 -1.48937 -2.3317 -20.1943 -52.5469 0 0 0 0 0 0 0 1 0 1 0 
Thu Aug 09 2018 16:19:46 0.148 -14.5386 -1.48427 -2.29831 -21.3573 -53.7745 0 0 0 0 0 0 0 1 0 1 0 
Thu Aug 09 2018 16:19:50 0.1442 -14.2009 -1.47947 -2.26491 -22.439 -54.9953 0 0 0 0 0 0 0 1 0 1 0 
Thu Aug 09 2018 16:19:54 0.142 -13.8443 -1.47487 -2.23162 -23.4566 -56.2238 0 0 0 0 0 0 0 1 0 1 0 
Thu Aug 09 2018 16:19:58 0.1406 -13.4648 -1.47045 -2.19822 -24.4194 -57.4685 0 0 0 0 0 0 0 1 0 1 0 
Thu Aug 09 2018 16:20:02 0.1398 -13.0599 -1.46618 -2.16482 -25.3325 -58.7341 0 0 0 0 0 0 0 1 0 1 0 
Thu Aug 09 2018 16:20:06 0.1393 -12.6285 -1.46206 -2.13153 -26.1982 -60.0229 0 0 0 0 0 0 0 1 0 1 0 
Thu Aug 09 2018 16:20:10 0.1389 -12.1695 -1.45807 -2.09813 -27.0178 -61.3357 0 0 0 0 0 0 0 1 0 1 0 
Thu Aug 09 2018 16:20:14 0.1387 -11.6826 -1.45423 -2.06474 -27.7914 -62.6726 0 0 0 0 0 0 0 1 0 1 0 
Thu Aug 09 2018 16:20:18 0.1386 -11.1675 -1.45052 -2.03134 -28.5189 -64.0327 0 0 0 0 0 0 0 1 0 1 0 
Thu Aug 09 2018 16:20:22 0.1385 -10.624 -1.44696 -1.99804 -29.1999 -65.4151 0 0 0 0 0 0 0 1 0 1 0 
Thu Aug 09 2018 16:20:26 0.1384 -10.0519 -1.44355 -1.96465 -29.8338 -66.8186 0 0 0 0 0 0 0 1 0 1 0 
Thu Aug 09 2018 16:20:30 0.1383 -9.4513 -1.44028 -1.93125 -30.4201 -68.2418 0 0 0 0 0 0 0 1 0 1 0 
Thu Aug 09 2018 16:20:34 0.1383 -8.8221 -1.43718 -1.89796 -30.9582 -69.6832 0 0 0 0 0 0 0 1 0 1 0 
Thu Aug 09 2018 16:20:38 0.1382 -8.1643 -1.43424 -1.86456 -31.4475 -71.1412 0 0 0 0 0 0 0 1 0 1 0 
Thu Aug 09 2018 16:20:42 0.1382 -7.4778 -1.43147 -1.83117 -31.8877 -72.6142 0 0 0 0 0 0 0 1 0 1 0 
Thu Aug 09 2018 16:20:46 0.1381 -6.7627 -1.42887 -1.79787 -32.2782 -74.1006 0 0 0 0 0 0 0 1 0 1 0 
Thu Aug 09 2018 16:20:50 0.1381 -6.0189 -1.42645 -1.76447 -32.6187 -75.5987 0 0 0 0 0 0 0 1 0 1 0 
Thu Aug 09 2018 16:20:54 0.138 -5.2465 -1.42421 -1.73108 -32.9087 -77.1069 0 0 0 0 0 0 0 1 0 1 0 
Thu Aug 09 2018 16:20:58 0.138 -4.4454 -1.42216 -1.69768 -33.1481 -78.6235 0 0 0 0 0 0 0 1 0 1 0 
Thu Aug 09 2018 16:21:02 0.138 -3.6157 -1.42031 -1.66439 -33.3365 -80.1468 0 0 0 0 0 0 0 1 0 1 0 
Thu Aug 09 2018 16:21:06 0.1379 -2.7574 -1.41866 -1.63099 -33.4738 -81.675 0 0 0 0 0 0 0 1 0 1 0 
Thu Aug 09 2018 16:21:10 0.1379 -1.8703 -1.41721 -1.5976 -33.5599 -83.2065 0 0 0 0 0 0 0 1 0 1 0 
Thu Aug 09 2018 16:21:14 0.1378 -0.9547 -1.41598 -1.5643 -33.5947 -84.7395 0 0 0 0 0 0 0 1 0 1 0 
Thu Aug 09 2018 16:21:18 0.1378 -0.0103 -1.41496 -1.5309 -33.5782 -86.2723 0 0 0 0 0 0 0 1 0 1 0 
Thu Aug 09 2018 16:21:22 0.1377 0 -1.41417 -1.49751 -33.5104 -87.8033 0 0 0 0 0 0 0 1 0 1 0 
Thu Aug 09 2018 16:21:26 -0.0505 0 -1.41424 -1.45581 -33.5496 -87.4603 0 0 0 0 0 0 0 1 0 1 0 
Thu Aug 09 2018 16:21:30 -0.1989 0 -1.41408 -1.41412 -33.4043 -88.5964 0 0 0 0 0 0 0 1 0 1 0 
Thu Aug 09 2018 16:21:34 -0.2403 0 -1.41421 -1.37252 -33.0055 -90.9458 0 0 0 0 0 0 0 1 0 1 0 
Thu Aug 09 2018 16:21:38 -0.2179 0 -1.41488 -1.33103 -32.4497 -93.5624 0 0 0 0 0 0 0 1 0 1 0 
Thu Aug 09 2018 16:21:42 -0.1526 0 -1.41585 -1.28993 -31.9165 -95.6602 0 0 0 0 0 0 0 1 0 1 0 
Thu Aug 09 2018 16:21:46 -0.1799 0 -1.41701 -1.24924 -31.4139 -97.3412 0 0 0 0 0 0 0 1 0 1 0 
Thu Aug 09 2018 16:21:50 -0.2196 0 -1.41889 -1.20884 -30.712 -99.3744 0 0 0 0 0 0 0 1 0 1 0 
Thu Aug 09 2018 16:21:54 -0.2375 0 -1.42164 -1.16925 -29.7964 -101.717 0 0 0 0 0 0 0 1 0 1 0 
Thu Aug 09 2018 16:21:58 -0.2045 0 -1.42495 -1.13035 -28.7838 -104.038 0 0 0 0 0 0 0 1 0 1 0 
Thu Aug 09 2018 16:22:02 -0.2016 0 -1.4283 -1.09256 -27.8296 -106.017 0 0 0 0 0 0 0 1 0 1 0 
Thu Aug 09 2018 16:22:06 -0.232 0 -1.43242 -1.05566 -26.7267 -108.095 0 0 0 0 0 0 0 1 0 1 0 
Thu Aug 09 2018 16:22:10 -0.2304 0 -1.43753 -1.01957 -25.4257 -110.345 0 0 0 0 0 0 0 1 0 1 0 
Thu Aug 09 2018 16:22:14 -0.1914 0 -1.44286 -0.98417 -24.1306 -112.412 0 0 0 0 0 0 0 1 0 1 0 
Thu Aug 09 2018 16:22:18 -0.1791 0 -1.44774 -0.95018 -22.9919 -114.099 0 0 0 0 0 0 0 1 0 1 0 
Thu Aug 09 2018 16:22:22 -0.2146 0 -1.45327 -0.91768 -21.7474 -115.812 0 0 0 0 0 0 0 1 0 1 0 
Thu Aug 09 2018 16:22:26 -0.2389 0 -1.46024 -0.88598 -20.2296 -117.765 0 0 0 0 0 0 0 1 0 1 0 
Thu Aug 09 2018 16:22:30 -0.2136 0 -1.46805 -0.85619 -18.5844 -119.754 0 0 0 0 0 0 0 1 0 1 0 
Thu Aug 09 2018 16:22:34 -0.171 0 -1.4751 -0.82819 -17.1435 -121.399 0 0 0 0 0 0 0 1 0 1 0 
Thu Aug 09 2018 16:22:38 -0.2044 0 -1.48195 -0.80219 -15.7793 -122.872 0 0 0 0 0 0 0 1 0 1 0 
Thu Aug 09 2018 16:22:42 -0.2341 0 -1.49049 -0.7778 -14.1186 -124.576 0 0 0 0 0 0 0 1 0 1 0 
Thu Aug 09 2018 16:22:46 -0.2246 0 -1.50025 -0.7549 -12.2678 -126.387 0 0 0 0 0 0 0 1 0 1 0 
Thu Aug 09 2018 16:22:50 -0.1734 0 -1.50931 -0.7339 -10.5918 -127.958 0 0 0 0 0 0 0 1 0 1 0 
Thu Aug 09 2018 16:22:54 -0.1846 0 -1.51715 -0.71461 -9.1697 -129.238 0 0 0 0 0 0 0 1 0 1 0 
Thu Aug 09 2018 16:22:58 -0.2218 0 -1.52646 -0.69711 -7.5119 -130.675 0 0 0 0 0 0 0 1 0 1 0 
Thu Aug 09 2018 16:23:02 -0.2333 0 -1.53758 -0.68141 -5.5725 -132.299 0 0 0 0 0 0 0 1 0 1 0 
Thu Aug 09 2018 16:23:06 -0.1966 -0.4057 -1.54878 -0.66831 -3.6586 -133.856 0 0 0 0 0 0 0 1 0 1 0 
Thu Aug 09 2018 16:23:10 -0.1578 -0.747 -1.55825 -0.65591 -2.0692 -135.117 0 0 0 0 0 0 0 1 0 1 0 
Thu Aug 09 2018 16:23:14 -0.1344 -1.002 -1.56619 -0.64341 -0.7542 -136.135 0 0 0 0 0 0 0 1 0 1 0 
Thu Aug 09 2018 16:23:18 -0.1204 -1.2273 -1.57323 -0.63102 0.3959 -137.003 0 0 0 0 0 0 0 1 0 1 0 
Thu Aug 09 2018 16:23:22 -0.1121 -1.4503 -1.57973 -0.61862 1.4498 -137.777 0 0 0 0 0 0 0 1 0 1 0 
Thu Aug 09 2018 16:23:26 -0.1071 -1.685 -1.58596 -0.60622 2.4487 -138.493 0 0 0 0 0 0 0 1 0 1 0 
Thu Aug 09 2018 16:23:30 -0.1041 -1.9388 -1.59204 -0.59372 3.4175 -139.169 0 0 0 0 0 0 0 1 0 1 0 
Thu Aug 09 2018 16:23:34 -0.1023 -2.2156 -1.59808 -0.58132 4.3712 -139.818 0 0 0 0 0 0 0 1 0 1 0 
Thu Aug 09 2018 16:23:38 -0.1013 -2.5179 -1.60412 -0.56892 5.3186 -140.444 0 0 0 0 0 0 0 1 0 1 0 
Thu Aug 09 2018 16:23:42 -0.1006 -2.847 -1.61019 -0.55643 6.2649 -141.054 0 0 0 0 0 0 0 1 0 1 0 
Thu Aug 09 2018 16:23:46 -0.1002 -3.2036 -1.61632 -0.54403 7.2134 -141.648 0 0 0 0 0 0 0 1 0 1 0 
Thu Aug 09 2018 16:23:50 -0.0999 -3.5882 -1.62251 -0.53163 8.1658 -142.228 0 0 0 0 0 0 0 1 0 1 0 
Thu Aug 09 2018 16:23:54 -0.0998 -4.0012 -1.62876 -0.51913 9.1231 -142.795 0 0 0 0 0 0 0 1 0 1 0 
Thu Aug 09 2018 16:23:58 -0.0996 -4.4426 -1.63509 -0.50673 10.0859 -143.349 0 0 0 0 0 0 0 1 0 1 0 
Thu Aug 09 2018 16:24:02 -0.0995 -4.9125 -1.64149 -0.49433 11.0545 -143.891 0 0 0 0 0 0 0 1 0 1 0 
Thu Aug 09 2018 16:24:06 -0.0995 -5.411 -1.64796 -0.48183 12.0289 -144.419 0 0 0 0 0 0 0 1 0 1 0 
Thu Aug 09 2018 16:24:10 -0.0994 -5.9382 -1.6545 -0.46944 13.0092 -144.936 0 0 0 0 0 0 0 1 0 1 0 
Thu Aug 09 2018 16:24:14 -0.0994 -6.4941 -1.6611 -0.45704 13.9952 -145.44 0 0 0 0 0 0 0 1 0 1 0 
Thu Aug 09 2018 16:24:18 -0.0993 -7.0786 -1.66777 -0.44454 14.987 -145.931 0 0 0 0 0 0 0 1 0 1 0 
Thu Aug 09 2018 16:24:22 -0.0993 -7.6918 -1.67449 -0.43214 15.9843 -146.41 0 0 0 0 0 0 0 1 0 1 0 
Thu Aug 09 2018 16:24:26 -0.0992 -8.3337 -1.68128 -0.41974 16.987 -146.876 0 0 0 0 0 0 0 1 0 1 0 
Thu Aug 09 2018 16:24:30 -0.0992 -9.0042 -1.68812 -0.40734 17.995 -147.329 0 0 0 0 0 0 0 1 0 1 0 
Thu Aug 09 2018 16:24:34 -0.0991 -9.7035 -1.69502 -0.39485 19.0082 -147.769 0 0 0 0 0 0 0 1 0 1 0 
Thu Aug 09 2018 16:24:38 -0.0991 -10.4314 -1.70196 -0.38245 20.0262 -148.197 0 0 0 0 0 0 0 1 0 1 0 
Thu Aug 09 2018 16:24:42 -0.099 -11.1881 -1.70895 -0.37005 21.0491 -148.612 0 0 0 0 0 0 0 1 0 1 0 
Thu Aug 09 2018 16:24:46 -0.099 -11.9734 -1.71598 -0.35755 22.0766 -149.013 0 0 0 0 0 0 0 1 0 1 0 
Thu Aug 09 2018 16:24:50 -0.099 -12.7874 -1.72305 -0.34515 23.1086 -149.402 0 0 0 0 0 0 0 1 0 1 0 
Thu Aug 09 2018 16:24:54 -0.0989 -13.6301 -1.73016 -0.33275 24.1449 -149.778 0 0 0 0 0 0 0 1 0 1 0 
Thu Aug 09 2018 16:24:58 -0.0989 -14.5015 -1.7373 -0.32025 25.1853 -150.14 0 0 0 0 0 0 0 1 0 1 0 
Thu Aug 09 2018 16:25:02 -0.0988 -15.4016 -1.74447 -0.30786 26.2297 -150.49 0 0 0 0 0 0 0 1 0 1 0 
Thu Aug 09 2018 16:25:06 -0.0988 -16.3304 -1.75166 -0.29546 27.2779 -150.826 0 0 0 0 0 0 0 1 0 1 0 
Thu Aug 09 2018 16:25:10 -0.0987 -17.2879 -1.75887 -0.28296 28.3298 -151.149 0 0 0 0 0 0 0 1 0 1 0 
Thu Aug 09 2018 16:25:14 -0.1255 -18.2833 -1.76628 -0.29766 29.4105 -151.475 0 0 0 0 0 0 0 1 0 1 0 
Thu Aug 09 2018 16:25:18 0.0027 -19.1278 -1.76278 -0.33935 28.9028 -151.303 0 0 0 0 0 0 0 1 0 1 0 
Thu Aug 09 2018 16:25:22 0.1143 -19.935 -1.76583 -0.38105 29.3394 -151.479 0 0 0 0 0 0 0 1 0 1 0 
Thu Aug 09 2018 16:25:26 0.228 -20.4541 -1.77677 -0.42284 30.8904 -152.158 0 0 0 0 0 0 0 1 0 1 0 
Thu Aug 09 2018 16:25:30 0.3005 -20.4954 -1.79489 -0.46454 33.4166 -153.385 0 0 0 0 0 0 0 1 0 1 0 
Thu Aug 09 2018 16:25:34 0.2016 -20.434 -1.81474 -0.50623 36.1309 -154.841 0 0 0 0 0 0 0 1 0 1 0 
Thu Aug 09 2018 16:25:38 0.1466 -20.9074 -1.82615 -0.54793 37.6583 -155.742 0 0 0 0 0 0 0 1 0 1 0 
Thu Aug 09 2018 16:25:42 0.2535 -21.1881 -1.83926 -0.58962 39.3774 -156.867 0 0 0 0 0 0 0 1 0 1 0 
Thu Aug 09 2018 16:25:46 0.2947 -21.0145 -1.85852 -0.63142 41.8389 -158.621 0 0 0 0 0 0 0 1 0 1 0 
Thu Aug 09 2018 16:25:50 0.141 -21.0012 -1.87631 -0.67311 44.0491 -160.332 0 0 0 0 0 0 0 1 0 1 0 
Thu Aug 09 2018 16:25:54 0.1716 -21.4174 -1.88594 -0.71481 45.2125 -161.317 0 0 0 0 0 0 0 1 0 1 0 
Thu Aug 09 2018 16:25:58 0.2699 -21.4898 -1.90029 -0.7565 46.8931 -162.87 0 0 0 0 0 0 0 1 0 1 0 
Thu Aug 09 2018 16:26:02 0.2834 -21.1402 -1.92 -0.7982 49.1202 -165.1 0 0 0 0 0 0 0 1 0 1 0 
Thu Aug 09 2018 16:26:06 0.0367 -21.2498 -1.934 -0.83999 50.6444 -166.747 0 0 0 0 0 0 0 1 0 1 0 
Thu Aug 09 2018 16:26:10 0.035 -21.7504 -1.93477 -0.88168 50.7247 -166.845 0 0 0 0 0 0 0 1 0 1 0 
Thu Aug 09 2018 16:26:14 0.1398 -22.1359 -1.93975 -0.92338 51.2291 -167.508 0 0 0 0 0 0 0 1 0 1 0 
Thu Aug 09 2018 16:26:18 0.243 -22.2044 -1.95117 -0.96507 52.3449 -169.087 0 0 0 0 0 0 0 1 0 1 0 
Thu Aug 09 2018 16:26:22 0.305 -21.8067 -1.96842 -1.00687 53.9461 -171.555 0 0 0 0 0 0 0 1 0 1 0 
Thu Aug 09 2018 16:26:26 0.1706 -21.4301 -1.98588 -1.04856 55.4717 -174.125 0 0 0 0 0 0 0 1 0 1 0 
Thu Aug 09 2018 16:26:30 0.1507 -21.5766 -1.99511 -1.09026 56.2288 -175.535 0 0 0 0 0 0 0 1 0 1 0 
Thu Aug 09 2018 16:26:34 0.2563 -21.468 -2.00696 -1.13195 57.1351 -177.42 0 0 0 0 0 0 0 1 0 1 0 
Thu Aug 09 2018 16:26:38 0.2919 -20.911 -2.02404 -1.17375 58.3441 -180.213 0 0 0 0 0 0 0 1 0 1 0 
Thu Aug 09 2018 16:26:42 0.0568 -20.7017 -2.0374 -1.21544 59.211 -182.447 0 0 0 0 0 0 0 1 0 1 0 
Thu Aug 09 2018 16:26:46 0.0307 -20.939 -2.03864 -1.25714 59.2835 -182.667 0 0 0 0 0 0 0 1 0 1 0 
Thu Aug 09 2018 16:26:50 0.1367 -21.0722 -2.04272 -1.29883 59.4966 -183.429 0 0 0 0 0 0 0 1 0 1 0 
Thu Aug 09 2018 16:26:54 0.241 -20.8917 -2.05232 -1.34053 59.9469 -185.279 0 0 0 0 0 0 0 1 0 1 0 
Thu Aug 09 2018 16:26:58 0.3036 -20.2448 -2.06679 -1.38232 60.5259 -188.144 0 0 0 0 0 0 0 1 0 1 0 
Thu Aug 09 2018 16:27:02 0.1765 -19.599 -2.08146 -1.42402 61.0036 -191.111 0 0 0 0 0 0 0 1 0 1 0 
Thu Aug 09 2018 16:27:06 0.0271 -19.5708 -2.08737 -1.46571 61.1512 -192.344 0 0 0 0 0 0 0 1 0 1 0 
Thu Aug 09 2018 16:27:10 0.0775 -19.631 -2.08881 -1.50741 61.1694 -192.672 0 0 0 0 0 0 0 1 0 1 0 
Thu Aug 09 2018 16:27:14 0.2126 -19.4483 -2.09474 -1.5492 61.2069 -194.07 0 0 0 0 0 0 0 1 0 1 0 
Thu Aug 09 2018 16:27:18 0.2951 -18.7775 -2.10567 -1.5909 61.1801 -196.739 0 0 0 0 0 0 0 1 0 1 0 
Thu Aug 09 2018 16:27:22 0.1185 -18.1404 -2.11642 -1.63259 61.0486 -199.443 0 0 0 0 0 0 0 1 0 1 0 
Thu Aug 09 2018 16:27:26 0.0427 -18.0501 -2.1192 -1.67429 60.9803 -200.182 0 0 0 0 0 0 0 1 0 1 0 
Thu Aug 09 2018 16:27:30 0.1853 -17.8397 -2.12272 -1.71608 60.8321 -201.207 0 0 0 0 0 0 0 1 0 1 0 
Thu Aug 09 2018 16:27:34 0.2787 -17.1667 -2.13047 -1.75778 60.4053 -203.583 0 0 0 0 0 0 0 1 0 1 0 
Thu Aug 09 2018 16:27:38 0.1466 -16.4158 -2.13862 -1.79947 59.828 -206.211 0 0 0 0 0 0 0 1 0 1 0 
Thu Aug 09 2018 16:27:42 0.0037 -16.1634 -2.14157 -1.84116 59.5552 -207.244 0 0 0 0 0 0 0 1 0 1 0 
Thu Aug 09 2018 16:27:46 -0.0822 -15.9561 -2.14082 -1.88296 59.6379 -206.96 0 0 0 0 0 0 0 1 0 1 0 
Thu Aug 09 2018 16:27:50 -0.1333 -15.6149 -2.13849 -1.92465 60.0045 -205.907 0 0 0 0 0 0 0 1 0 1 0 
Thu Aug 09 2018 16:27:54 -0.1638 -15.1298 -2.13581 -1.96635 60.595 -204.418 0 0 0 0 0 0 0 1 0 1 0 
Thu Aug 09 2018 16:27:58 -0.1819 -14.5292 -2.13343 -2.00804 61.3648 -202.693 0 0 0 0 0 0 0 1 0 1 0 
Thu Aug 09 2018 16:28:02 -0.1928 -13.8416 -2.13165 -2.04984 62.2823 -200.847 0 0 0 0 0 0 0 1 0 1 0 
Thu Aug 09 2018 16:28:06 -0.1992 -13.0884 -2.13061 -2.09153 63.3251 -198.953 0 0 0 0 0 0 0 1 0 1 0 
Thu Aug 09 2018 16:28:10 -0.2031 -12.2835 -2.13034 -2.13323 64.4775 -197.052 0 0 0 0 0 0 0 1 0 1 0 
Thu Aug 09 2018 16:28:14 -0.2054 -11.4359 -2.13083 -2.17492 65.7282 -195.17 0 0 0 0 0 0 0 1 0 1 0 
Thu Aug 09 2018 16:28:18 -0.2068 -10.551 -2.13207 -2.21672 67.069 -193.324 0 0 0 0 0 0 0 1 0 1 0 
Thu Aug 09 2018 16:28:22 -0.2076 -9.6322 -2.13401 -2.25841 68.4937 -191.526 0 0 0 0 0 0 0 1 0 1 0 
Thu Aug 09 2018 16:28:26 -0.2082 -8.6815 -2.13661 -2.30011 69.9973 -189.782 0 0 0 0 0 0 0 1 0 1 0 
Thu Aug 09 2018 16:28:30 -0.2085 -7.7 -2.13985 -2.3418 71.5757 -188.099 0 0 0 0 0 0 0 1 0 1 0 
Thu Aug 09 2018 16:28:36 -0.2088 -6.1715 -2.14581 -2.40439 74.0752 -185.697 0 0 0 0 0 0 0 1 0 1 0 
Thu Aug 09 2018 16:28:40 -0.2089 -5.1157 -2.15047 -2.44609 75.8245 -184.184 0 0 0 0 0 0 0 1 0 1 0 
Thu Aug 09 2018 16:28:44 -0.209 -4.0305 -2.15563 -2.48788 77.6362 -182.743 0 0 0 0 0 0 0 1 0 1 0 
Thu Aug 09 2018 16:28:48 -0.2091 -2.9162 -2.16128 -2.52958 79.5072 -181.379 0 0 0 0 0 0 0 1 0 1 0 
Thu Aug 09 2018 16:28:52 -0.2091 -1.7729 -2.16739 -2.57127 81.4339 -180.093 0 0 0 0 0 0 0 1 0 1 0 
Thu Aug 09 2018 16:28:56 -0.2092 -0.6004 -2.17392 -2.61297 83.4131 -178.889 0 0 0 0 0 0 0 1 0 1 0 
Thu Aug 09 2018 16:29:00 -0.2092 0 -2.18085 -2.65476 85.4412 -177.768 0 0 0 0 0 0 0 1 0 1 0 
Thu Aug 09 2018 16:29:04 -0.2198 0 -2.1831 -2.69106 86.1022 -177.41 0 0 0 0 0 0 0 1 0 1 0 
Thu Aug 09 2018 16:29:08 -0.2366 0 -2.17457 -2.72145 83.8496 -178.425 0 0 0 0 0 0 0 1 0 1 0 
Thu Aug 09 2018 16:29:12 -0.2149 0 -2.16493 -2.75115 81.4586 -179.42 0 0 0 0 0 0 0 1 0 1 0 
Thu Aug 09 2018 16:29:16 -0.1709 0 -2.15613 -2.77905 79.4005 -180.207 0 0 0 0 0 0 0 1 0 1 0 
Thu Aug 09 2018 16:29:20 -0.1953 0 -2.14781 -2.80534 77.5542 -180.853 0 0 0 0 0 0 0 1 0 1 0 
Thu Aug 09 2018 16:29:24 -0.2288 0 -2.1375 -2.83034 75.3692 -181.557 0 0 0 0 0 0 0 1 0 1 0 
Thu Aug 09 2018 16:29:28 -0.2345 0 -2.12523 -2.85334 72.8867 -182.293 0 0 0 0 0 0 0 1 0 1 0 
Thu Aug 09 2018 16:29:32 -0.188 0 -2.11306 -2.87424 70.532 -182.936 0 0 0 0 0 0 0 1 0 1 0 
Thu Aug 09 2018 16:29:36 -0.1762 0 -2.1027 -2.89293 68.6051 -183.419 0 0 0 0 0 0 0 1 0 1 0 
Thu Aug 09 2018 16:29:40 -0.2141 0 -2.09133 -2.90923 66.5611 -183.893 0 0 0 0 0 0 0 1 0 1 0 
Thu Aug 09 2018 16:29:44 -0.2392 0 -2.07746 -2.92423 64.1473 -184.416 0 0 0 0 0 0 0 1 0 1 0 
Thu Aug 09 2018 16:29:48 -0.2145 0 -2.06237 -2.93683 61.6107 -184.929 0 0 0 0 0 0 0 1 0 1 0 
Thu Aug 09 2018 16:29:52 -0.1747 0 -2.04898 -2.94763 59.4276 -185.344 0 0 0 0 0 0 0 1 0 1 0 
Thu Aug 09 2018 16:29:56 -0.1977 0 -2.03663 -2.95603 57.4658 -185.695 0 0 0 0 0 0 0 1 0 1 0 
Thu Aug 09 2018 16:30:00 -0.23 0 -2.0219 -2.96312 55.1817 -186.087 0 0 0 0 0 0 0 1 0 1 0 
Thu Aug 09 2018 16:30:04 -0.2319 0 -2.00501 -2.96722 52.6283 -186.512 0 0 0 0 0 0 0 1 0 1 0 
Thu Aug 09 2018 16:30:08 -0.1859 0 -1.9889 -2.96892 50.2496 -186.901 0 0 0 0 0 0 0 1 0 1 0 
Thu Aug 09 2018 16:30:12 -0.2073 0 -1.97448 -2.96792 48.1654 -187.239 0 0 0 0 0 0 0 1 0 1 0 
Thu Aug 09 2018 16:30:16 -0.2357 0 -1.95775 -2.96612 45.791 -187.63 0 0 0 0 0 0 0 1 0 1 0 
Thu Aug 09 2018 16:30:20 -0.2225 0 -1.93937 -2.96072 43.233 -188.061 0 0 0 0 0 0 0 1 0 1 0 
Thu Aug 09 2018 16:30:24 -0.1839 0 -1.9225 -2.95383 40.9302 -188.462 0 0 0 0 0 0 0 1 0 1 0 
Thu Aug 09 2018 16:30:28 -0.1923 0 -1.9077 -2.94383 38.9392 -188.826 0 0 0 0 0 0 0 1 0 1 0 
Thu Aug 09 2018 16:30:35 -0.2239 -0.2394 -1.88167 -2.92313 35.4988 -189.511 0 0 0 0 0 0 0 1 0 1 0 
Thu Aug 09 2018 16:30:36 -0.2156 -0.4675 -1.87244 -2.91543 34.2967 -189.769 0 0 0 0 0 0 0 1 0 1 0 
Thu Aug 09 2018 16:30:40 -0.2033 -0.895 -1.85471 -2.90003 32.0146 -190.286 0 0 0 0 0 0 0 1 0 1 0 
Thu Aug 09 2018 16:30:44 -0.196 -1.3064 -1.83767 -2.88473 29.8522 -190.81 0 0 0 0 0 0 0 1 0 1 0 
Thu Aug 09 2018 16:30:48 -0.1916 -1.7207 -1.82099 -2.86944 27.765 -191.35 0 0 0 0 0 0 0 1 0 1 0 
Thu Aug 09 2018 16:30:52 -0.1889 -2.1487 -1.80446 -2.85404 25.7262 -191.91 0 0 0 0 0 0 0 1 0 1 0 
Thu Aug 09 2018 16:30:56 -0.1873 -2.5966 -1.78796 -2.83874 23.7201 -192.495 0 0 0 0 0 0 0 1 0 1 0 
Thu Aug 09 2018 16:31:00 -0.1864 -3.0679 -1.77142 -2.82334 21.7375 -193.107 0 0 0 0 0 0 0 1 0 1 0 
Thu Aug 09 2018 16:31:04 -0.1858 -3.5647 -1.75479 -2.80804 19.7733 -193.746 0 0 0 0 0 0 0 1 0 1 0 
Thu Aug 09 2018 16:31:08 -0.1854 -4.0884 -1.73803 -2.79265 17.8244 -194.414 0 0 0 0 0 0 0 1 0 1 0 
Thu Aug 09 2018 16:31:12 -0.1852 -4.6396 -1.72114 -2.77735 15.8894 -195.11 0 0 0 0 0 0 0 1 0 1 0 
Thu Aug 09 2018 16:31:16 -0.185 -5.2187 -1.70409 -2.76195 13.9675 -195.835 0 0 0 0 0 0 0 1 0 1 0 
Thu Aug 09 2018 16:31:20 -0.1849 -5.8261 -1.68688 -2.74665 12.0584 -196.589 0 0 0 0 0 0 0 1 0 1 0 
Thu Aug 09 2018 16:31:24 -0.1848 -6.4619 -1.66949 -2.73125 10.1622 -197.372 0 0 0 0 0 0 0 1 0 1 0 
Thu Aug 09 2018 16:31:28 -0.1848 -7.1262 -1.65193 -2.71596 8.2792 -198.184 0 0 0 0 0 0 0 1 0 1 0 
Thu Aug 09 2018 16:31:32 -0.1847 -7.8189 -1.63419 -2.70056 6.4094 -199.024 0 0 0 0 0 0 0 1 0 1 0 
Thu Aug 09 2018 16:31:36 -0.1847 -8.5403 -1.61625 -2.68526 4.5534 -199.893 0 0 0 0 0 0 0 1 0 1 0 
Thu Aug 09 2018 16:31:40 -0.1846 -9.2902 -1.59812 -2.66986 2.7115 -200.79 0 0 0 0 0 0 0 1 0 1 0 
Thu Aug 09 2018 16:31:44 -0.1846 -10.0687 -1.57979 -2.65456 0.8841 -201.715 0 0 0 0 0 0 0 1 0 1 0 
Thu Aug 09 2018 16:31:48 -0.1845 -10.8759 -1.56126 -2.63916 -0.9283 -202.667 0 0 0 0 0 0 0 1 0 1 0 
Thu Aug 09 2018 16:31:52 -0.1845 -11.7116 -1.54252 -2.62387 -2.7255 -203.648 0 0 0 0 0 0 0 1 0 1 0 
Thu Aug 09 2018 16:31:56 -0.1844 -12.5759 -1.52356 -2.60847 -4.5069 -204.656 0 0 0 0 0 0 0 1 0 1 0 
Thu Aug 09 2018 16:32:00 -0.1844 -13.4689 -1.50439 -2.59317 -6.2722 -205.691 0 0 0 0 0 0 0 1 0 1 0 
Thu Aug 09 2018 16:32:04 -0.1843 -14.3904 -1.48499 -2.57777 -8.0209 -206.752 0 0 0 0 0 0 0 1 0 1 0 
Thu Aug 09 2018 16:32:08 -0.1843 -15.3406 -1.46537 -2.56247 -9.7526 -207.84 0 0 0 0 0 0 0 1 0 1 0 
Thu Aug 09 2018 16:32:12 -0.1842 -16.3194 -1.44551 -2.54708 -11.467 -208.955 0 0 0 0 0 0 0 1 0 1 0 
Thu Aug 09 2018 16:32:16 -0.1842 -17.3267 -1.42541 -2.53178 -13.1636 -210.095 0 0 0 0 0 0 0 1 0 1 0 
Thu Aug 09 2018 16:32:20 -0.1981 -18.3712 -1.40496 -2.50328 -14.8501 -211.276 0 0 0 0 0 0 0 1 0 1 0 
Thu Aug 09 2018 16:32:24 -0.1456 -19.2277 -1.3973 -2.46149 -15.4715 -211.719 0 0 0 0 0 0 0 1 0 1 0 
Thu Aug 09 2018 16:32:28 0.0234 -19.8153 -1.40598 -2.41979 -14.779 -211.143 0 0 0 0 0 0 0 1 0 1 0 
Thu Aug 09 2018 16:32:32 0.1476 -20.3776 -1.39952 -2.3781 -15.2899 -211.603 0 0 0 0 0 0 0 1 0 1 0 
Thu Aug 09 2018 16:32:36 0.2561 -20.5492 -1.38037 -2.3364 -16.7608 -213.048 0 0 0 0 0 0 0 1 0 1 0 
Thu Aug 09 2018 16:32:40 0.2752 -20.2816 -1.35216 -2.29471 -18.8292 -215.255 0 0 0 0 0 0 0 1 0 1 0 
Thu Aug 09 2018 16:32:44 0.1157 -20.2888 -1.32824 -2.25301 -20.4933 -217.175 0 0 0 0 0 0 0 1 0 1 0 
