Sat Aug 11 2018 14:23:56 0 0 -1.5708 0.006699 0 0 0 0 0 0 0 0 0 1 0 1 0 
Sat Aug 11 2018 14:23:56 0 0 -1.5708 0.006699 0 0 0 0 0 0 0 0 0 1 0 1 0 
Sat Aug 11 2018 14:23:56 0 0 -1.5708 0.006699 0 0 0 0 0 0 0 0 0 1 0 1 0 
Sat Aug 11 2018 14:23:56 0 0 -1.5708 0.006699 0 0 0 0 0 0 0 0 0 1 0 1 0 
Sat Aug 11 2018 14:23:59 0 0 -1.5708 0.006699 0 0 0 0 0 0 0 0 0 1 0 1 0 
Sat Aug 11 2018 14:24:01 0 0 -1.5708 0.006699 0 0 0 0 0 0 0 0 0 1 0 1 0 
Sat Aug 11 2018 14:24:02 0 0 -1.5708 0.006699 0 0 0 0 0 0 0 0 0 1 0 1 0 
Sat Aug 11 2018 14:24:06 -0.0691 -0.0154 -1.5713 -0.00059 0.1506 -0.0008 0 0 0 0 0 0 0 1 0 1 0 
Sat Aug 11 2018 14:24:08 -0.0941 -0.0363 -1.57189 -0.00329 0.3285 -0.0024 0 0 0 0 0 0 0 1 0 1 0 
Sat Aug 11 2018 14:24:09 -0.1359 -0.1195 -1.57375 -0.00869 0.8859 -0.0096 0 0 0 0 0 0 0 1 0 1 0 
Sat Aug 11 2018 14:24:11 -0.1683 -0.2639 -1.57635 -0.01419 1.6664 -0.0238 0 0 0 0 0 0 0 1 0 1 0 
Sat Aug 11 2018 14:24:25 -0.2597 -2.6033 -1.60503 -0.05209 10.2597 -0.3783 0 0 0 0 0 0 0 1 0 1 0 
Sat Aug 11 2018 14:24:26 -0.2619 -2.828 -1.60741 -0.05479 10.9733 -0.4214 0 0 0 0 0 0 0 1 0 1 0 
Sat Aug 11 2018 14:24:28 -0.2654 -3.2912 -1.61223 -0.06029 12.4173 -0.5144 0 0 0 0 0 0 0 1 0 1 0 
Sat Aug 11 2018 14:24:29 -0.2669 -3.5292 -1.61467 -0.06299 13.1464 -0.5644 0 0 0 0 0 0 0 1 0 1 0 
Sat Aug 11 2018 14:24:31 -0.2693 -4.0163 -1.61959 -0.06839 14.6157 -0.6711 0 0 0 0 0 0 0 1 0 1 0 
Sat Aug 11 2018 14:24:32 -0.2702 -4.265 -1.62206 -0.07109 15.3549 -0.7279 0 0 0 0 0 0 0 1 0 1 0 
Sat Aug 11 2018 14:24:34 -0.2719 -4.7718 -1.62703 -0.07649 16.8408 -0.848 0 0 0 0 0 0 0 1 0 1 0 
Sat Aug 11 2018 14:24:35 -0.2725 -5.0296 -1.62953 -0.07929 17.5868 -0.9113 0 0 0 0 0 0 0 1 0 1 0 
Sat Aug 11 2018 14:24:37 -0.2736 -5.5534 -1.63454 -0.08468 19.0835 -1.0446 0 0 0 0 0 0 0 1 0 1 0 
Sat Aug 11 2018 14:24:38 -0.2741 -5.8191 -1.63706 -0.08738 19.8338 -1.1145 0 0 0 0 0 0 0 1 0 1 0 
Sat Aug 11 2018 14:24:40 -0.2748 -6.3577 -1.6421 -0.09278 21.3373 -1.2608 0 0 0 0 0 0 0 1 0 1 0 
Sat Aug 11 2018 14:24:41 -0.2751 -6.6304 -1.64463 -0.09548 22.0902 -1.3371 0 0 0 0 0 0 0 1 0 1 0 
Sat Aug 11 2018 14:24:43 -0.2756 -7.1826 -1.64969 -0.10088 23.5978 -1.4962 0 0 0 0 0 0 0 1 0 1 0 
Sat Aug 11 2018 14:24:44 -0.2758 -7.4619 -1.65222 -0.10368 24.3522 -1.5789 0 0 0 0 0 0 0 1 0 1 0 
Sat Aug 11 2018 14:24:46 -0.2761 -8.0267 -1.65729 -0.10908 25.862 -1.7507 0 0 0 0 0 0 0 1 0 1 0 
Sat Aug 11 2018 14:24:47 -0.2762 -8.3122 -1.65983 -0.11178 26.6171 -1.8398 0 0 0 0 0 0 0 1 0 1 0 
Sat Aug 11 2018 14:24:49 -0.2764 -8.889 -1.66491 -0.11718 28.1278 -2.0241 0 0 0 0 0 0 0 1 0 1 0 
Sat Aug 11 2018 14:24:50 -0.2765 -9.1804 -1.66746 -0.11988 28.8832 -2.1195 0 0 0 0 0 0 0 1 0 1 0 
Sat Aug 11 2018 14:24:52 -0.2767 -9.7688 -1.67254 -0.12538 30.3938 -2.3164 0 0 0 0 0 0 0 1 0 1 0 
Sat Aug 11 2018 14:24:53 -0.2767 -10.0659 -1.67509 -0.12808 31.149 -2.4179 0 0 0 0 0 0 0 1 0 1 0 
Sat Aug 11 2018 14:24:55 -0.2768 -10.6656 -1.68018 -0.13348 32.659 -2.6273 0 0 0 0 0 0 0 1 0 1 0 
Sat Aug 11 2018 14:24:56 -0.2768 -10.9683 -1.68273 -0.13618 33.4137 -2.735 0 0 0 0 0 0 0 1 0 1 0 
Sat Aug 11 2018 14:24:58 -0.2769 -11.5791 -1.68783 -0.14158 34.9225 -2.9568 0 0 0 0 0 0 0 1 0 1 0 
Sat Aug 11 2018 14:24:59 -0.2769 -11.8873 -1.69037 -0.14428 35.6765 -3.0708 0 0 0 0 0 0 0 1 0 1 0 
Sat Aug 11 2018 14:25:01 -0.2769 -12.5091 -1.69547 -0.14978 37.1838 -3.3049 0 0 0 0 0 0 0 1 0 1 0 
Sat Aug 11 2018 14:25:02 -0.2769 -12.8228 -1.69802 -0.15248 37.937 -3.425 0 0 0 0 0 0 0 1 0 1 0 
Sat Aug 11 2018 14:25:04 -0.277 -13.4555 -1.70312 -0.15788 39.4426 -3.6714 0 0 0 0 0 0 0 1 0 1 0 
Sat Aug 11 2018 14:25:05 -0.277 -13.7746 -1.70567 -0.16057 40.1948 -3.7977 0 0 0 0 0 0 0 1 0 1 0 
Sat Aug 11 2018 14:25:07 -0.277 -14.4181 -1.71077 -0.16597 41.6984 -4.0564 0 0 0 0 0 0 0 1 0 1 0 
Sat Aug 11 2018 14:25:08 -0.277 -14.7426 -1.71333 -0.16867 42.4496 -4.1888 0 0 0 0 0 0 0 1 0 1 0 
Sat Aug 11 2018 14:25:10 -0.2769 -15.3969 -1.71843 -0.17417 43.951 -4.4598 0 0 0 0 0 0 0 1 0 1 0 
Sat Aug 11 2018 14:25:11 -0.2769 -15.7268 -1.72098 -0.17687 44.7011 -4.5983 0 0 0 0 0 0 0 1 0 1 0 
Sat Aug 11 2018 14:25:13 -0.2769 -16.3919 -1.72608 -0.18227 46.2001 -4.8815 0 0 0 0 0 0 0 1 0 1 0 
Sat Aug 11 2018 14:25:14 -0.2769 -16.7271 -1.72864 -0.18497 46.949 -5.0262 0 0 0 0 0 0 0 1 0 1 0 
Sat Aug 11 2018 14:25:16 -0.2769 -17.4029 -1.73374 -0.19037 48.4456 -5.3216 0 0 0 0 0 0 0 1 0 1 0 
Sat Aug 11 2018 14:25:17 -0.2769 -17.7435 -1.73629 -0.19317 49.1933 -5.4723 0 0 0 0 0 0 0 1 0 1 0 
Sat Aug 11 2018 14:25:19 -0.2769 -18.4301 -1.7414 -0.19857 50.6873 -5.7799 0 0 0 0 0 0 0 1 0 1 0 
Sat Aug 11 2018 14:25:20 -0.2578 -18.7694 -1.74393 -0.20897 51.4276 -5.9384 0 0 0 0 0 0 0 1 0 1 0 
Sat Aug 11 2018 14:25:22 -0.2238 -19.079 -1.74632 -0.21937 52.1229 -6.0949 0 0 0 0 0 0 0 1 0 1 0 
Sat Aug 11 2018 14:25:23 -0.1782 -19.2396 -1.74662 -0.22987 52.2098 -6.115 0 0 0 0 0 0 0 1 0 1 0 
Sat Aug 11 2018 14:25:25 -0.0787 -19.4265 -1.74434 -0.25066 51.5493 -5.9493 0 0 0 0 0 0 0 1 0 1 0 
Sat Aug 11 2018 14:25:29 0.0914 -20.0452 -1.74389 -0.30286 51.4173 -5.9244 0 0 0 0 0 0 0 1 0 1 0 
Sat Aug 11 2018 14:25:30 0.1216 -20.1447 -1.74469 -0.31326 51.646 -5.9994 0 0 0 0 0 0 0 1 0 1 0 
Sat Aug 11 2018 14:25:32 0.155 -20.223 -1.74576 -0.32365 51.9527 -6.1033 0 0 0 0 0 0 0 1 0 1 0 
Sat Aug 11 2018 14:25:33 0.1862 -20.2741 -1.74713 -0.33415 52.3424 -6.2398 0 0 0 0 0 0 0 1 0 1 0 
Sat Aug 11 2018 14:25:35 0.2388 -20.2828 -1.75067 -0.35495 53.3505 -6.6108 0 0 0 0 0 0 0 1 0 1 0 
Sat Aug 11 2018 14:25:36 0.2795 -20.1656 -1.75512 -0.37585 54.6075 -7.1029 0 0 0 0 0 0 0 1 0 1 0 
Sat Aug 11 2018 14:25:38 0.3109 -19.933 -1.76025 -0.39675 56.0502 -7.7025 0 0 0 0 0 0 0 1 0 1 0 
Sat Aug 11 2018 14:25:39 0.3239 -19.7782 -1.76303 -0.40714 56.8251 -8.0387 0 0 0 0 0 0 0 1 0 1 0 
Sat Aug 11 2018 14:25:41 0.2955 -19.6164 -1.76587 -0.41754 57.6184 -8.3927 0 0 0 0 0 0 0 1 0 1 0 
Sat Aug 11 2018 14:25:42 0.2347 -19.5088 -1.76852 -0.42794 58.3534 -8.7299 0 0 0 0 0 0 0 1 0 1 0 
Sat Aug 11 2018 14:25:49 0.1079 -20.0347 -1.77515 -0.51143 60.1756 -9.6384 0 0 0 0 0 0 0 1 0 1 0 
Sat Aug 11 2018 14:25:51 0.1446 -20.0881 -1.77604 -0.52183 60.4181 -9.7792 0 0 0 0 0 0 0 1 0 1 0 
Sat Aug 11 2018 14:25:52 0.1775 -20.1141 -1.77726 -0.53223 60.7454 -9.9735 0 0 0 0 0 0 0 1 0 1 0 
Sat Aug 11 2018 14:25:54 0.2546 -20.0028 -1.78251 -0.56352 62.1485 -10.8472 0 0 0 0 0 0 0 1 0 1 0 
Sat Aug 11 2018 14:25:55 0.2744 -19.9027 -1.78469 -0.57402 62.726 -11.2228 0 0 0 0 0 0 0 1 0 1 0 
Sat Aug 11 2018 14:25:57 0.3069 -19.6162 -1.78952 -0.59482 63.9999 -12.0801 0 0 0 0 0 0 0 1 0 1 0 
Sat Aug 11 2018 14:26:00 0.211 -19.2108 -1.79683 -0.62612 65.9011 -13.4309 0 0 0 0 0 0 0 1 0 1 0 
Sat Aug 11 2018 14:26:02 0.1727 -19.1647 -1.79872 -0.63662 66.3866 -13.7918 0 0 0 0 0 0 0 1 0 1 0 
Sat Aug 11 2018 14:26:08 0.1526 -19.3486 -1.80419 -0.69911 67.7756 -14.8996 0 0 0 0 0 0 0 1 0 1 0 
Sat Aug 11 2018 14:26:10 0.2374 -19.2202 -1.80862 -0.7304 68.8747 -15.8727 0 0 0 0 0 0 0 1 0 1 0 
Sat Aug 11 2018 14:26:11 0.2592 -19.1138 -1.81054 -0.7409 69.3463 -16.3067 0 0 0 0 0 0 0 1 0 1 0 
Sat Aug 11 2018 14:26:13 0.2952 -18.8109 -1.81488 -0.7617 70.4026 -17.3099 0 0 0 0 0 0 0 1 0 1 0 
Sat Aug 11 2018 14:26:21 0.0268 -18.1771 -1.82801 -0.84519 73.5105 -20.5303 0 0 0 0 0 0 0 1 0 1 0 
Sat Aug 11 2018 14:26:23 0.0339 -18.2058 -1.82831 -0.85559 73.5794 -20.6114 0 0 0 0 0 0 0 1 0 1 0 
Sat Aug 11 2018 14:26:24 0.1086 -18.2412 -1.82913 -0.87649 73.7651 -20.8368 0 0 0 0 0 0 0 1 0 1 0 
Sat Aug 11 2018 14:26:26 0.1452 -18.2311 -1.82992 -0.88688 73.9428 -21.0573 0 0 0 0 0 0 0 1 0 1 0 
Sat Aug 11 2018 14:26:33 0.2818 -17.3249 -1.84152 -0.95987 76.4653 -24.4868 0 0 0 0 0 0 0 1 0 1 0 
Sat Aug 11 2018 14:26:34 0.2504 -17.1341 -1.84358 -0.97027 76.8977 -25.1223 0 0 0 0 0 0 0 1 0 1 0 
Sat Aug 11 2018 14:26:34 0.228 -16.978 -1.84545 -0.98077 77.2879 -25.7089 0 0 0 0 0 0 0 1 0 1 0 
Sat Aug 11 2018 14:26:49 -0.2371 -15.9277 -1.84426 -1.13715 77.1563 -24.919 0 0 0 0 0 0 0 1 0 1 0 
Sat Aug 11 2018 14:26:50 -0.2491 -15.7528 -1.8428 -1.14765 76.8904 -24.3292 0 0 0 0 0 0 0 1 0 1 0 
Sat Aug 11 2018 14:27:01 -0.3152 -12.9477 -1.82546 -1.26234 73.8641 -16.2508 0 0 0 0 0 0 0 1 0 1 0 
Sat Aug 11 2018 14:27:02 -0.3178 -12.6383 -1.82392 -1.27274 73.6105 -15.4256 0 0 0 0 0 0 0 1 0 1 0 
Sat Aug 11 2018 14:27:07 -0.3266 -11.0111 -1.81657 -1.32493 72.4492 -11.1767 0 0 0 0 0 0 0 1 0 1 0 
Sat Aug 11 2018 14:27:08 -0.3278 -10.6723 -1.81518 -1.33533 72.2404 -10.3072 0 0 0 0 0 0 0 1 0 1 0 
Sat Aug 11 2018 14:27:11 -0.3305 -9.6341 -1.8112 -1.36662 71.6646 -7.6691 0 0 0 0 0 0 0 1 0 1 0 
Sat Aug 11 2018 14:27:12 -0.3312 -9.2815 -1.80994 -1.37702 71.4901 -6.7812 0 0 0 0 0 0 0 1 0 1 0 
Sat Aug 11 2018 14:27:14 -0.3324 -8.5675 -1.80752 -1.39792 71.1678 -4.9948 0 0 0 0 0 0 0 1 0 1 0 
Sat Aug 11 2018 14:27:15 -0.3329 -8.2063 -1.80635 -1.40832 71.0202 -4.0969 0 0 0 0 0 0 0 1 0 1 0 
Sat Aug 11 2018 14:27:17 -0.3336 -7.4763 -1.80413 -1.42922 70.7526 -2.293 0 0 0 0 0 0 0 1 0 1 0 
Sat Aug 11 2018 14:27:18 -0.334 -7.1075 -1.80306 -1.43961 70.6327 -1.3875 0 0 0 0 0 0 0 1 0 1 0 
Sat Aug 11 2018 14:27:20 -0.3345 -6.3631 -1.80104 -1.46051 70.4208 0.4295 0 0 0 0 0 0 0 1 0 1 0 
Sat Aug 11 2018 14:27:21 -0.3347 -5.9874 -1.80008 -1.47091 70.3289 1.3407 0 0 0 0 0 0 0 1 0 1 0 
Sat Aug 11 2018 14:27:23 -0.3351 -5.2297 -1.79826 -1.49181 70.1735 3.1675 0 0 0 0 0 0 0 1 0 1 0 
Sat Aug 11 2018 14:27:24 -0.3353 -4.8477 -1.7974 -1.50221 70.11 4.0827 0 0 0 0 0 0 0 1 0 1 0 
Sat Aug 11 2018 14:27:26 -0.3355 -4.0774 -1.79578 -1.5231 70.0115 5.9161 0 0 0 0 0 0 0 1 0 1 0 
Sat Aug 11 2018 14:27:27 -0.3357 -3.6892 -1.79502 -1.5335 69.9765 6.834 0 0 0 0 0 0 0 1 0 1 0 
Sat Aug 11 2018 14:27:29 -0.3358 -2.907 -1.7936 -1.5544 69.9352 8.6715 0 0 0 0 0 0 0 1 0 1 0 
Sat Aug 11 2018 14:27:30 -0.3359 -2.5129 -1.79294 -1.5648 69.9288 9.5909 0 0 0 0 0 0 0 1 0 1 0 
Sat Aug 11 2018 14:27:32 -0.3361 -1.719 -1.79172 -1.5857 69.9448 11.4301 0 0 0 0 0 0 0 1 0 1 0 
Sat Aug 11 2018 14:27:33 -0.3361 -1.3192 -1.79116 -1.5961 69.9672 12.3498 0 0 0 0 0 0 0 1 0 1 0 
Sat Aug 11 2018 14:27:35 -0.3362 -0.5138 -1.79014 -1.61689 70.0406 14.1886 0 0 0 0 0 0 0 1 0 1 0 
Sat Aug 11 2018 14:27:36 -0.3362 -0.1084 -1.78967 -1.62739 70.0917 15.1076 0 0 0 0 0 0 0 1 0 1 0 
Sat Aug 11 2018 14:27:38 -0.3363 0 -1.78924 -1.63779 70.1523 16.0261 0 0 0 0 0 0 0 1 0 1 0 
Sat Aug 11 2018 14:27:38 -0.3363 0 -1.78884 -1.64819 70.2225 16.9439 0 0 0 0 0 0 0 1 0 1 0 
Sat Aug 11 2018 14:27:40 -0.3364 0 -1.78813 -1.66909 70.3915 18.7776 0 0 0 0 0 0 0 1 0 1 0 
Sat Aug 11 2018 14:27:41 -0.3364 0 -1.78782 -1.67948 70.4903 19.6931 0 0 0 0 0 0 0 1 0 1 0 
Sat Aug 11 2018 14:27:43 -0.3031 0 -1.78754 -1.68998 70.5974 20.5981 0 0 0 0 0 0 0 1 0 1 0 
Sat Aug 11 2018 14:27:46 -0.0793 0 -1.78738 -1.73168 70.6046 20.8712 0 0 0 0 0 0 0 1 0 1 0 
Sat Aug 11 2018 14:27:48 -0.0361 0 -1.78741 -1.74208 70.5608 20.6359 0 0 0 0 0 0 0 1 0 1 0 
Sat Aug 11 2018 14:27:49 0.0159 0 -1.78741 -1.76297 70.5251 20.4749 0 0 0 0 0 0 0 1 0 1 0 
Sat Aug 11 2018 14:27:51 0.0095 0 -1.7874 -1.77317 70.5269 20.4968 0 0 0 0 0 0 0 1 0 1 0 
Sat Aug 11 2018 14:27:52 -0.0544 0 -1.78738 -1.79367 70.5155 20.4726 0 0 0 0 0 0 0 1 0 1 0 
Sat Aug 11 2018 14:27:54 -0.0954 0 -1.78736 -1.80387 70.481 20.3404 0 0 0 0 0 0 0 1 0 1 0 
Sat Aug 11 2018 14:27:55 -0.1679 0 -1.78728 -1.82427 70.328 19.7667 0 0 0 0 0 0 0 1 0 1 0 
Sat Aug 11 2018 14:27:59 -0.2137 0 -1.78698 -1.85496 69.9085 18.3187 0 0 0 0 0 0 0 1 0 1 0 
Sat Aug 11 2018 14:28:01 -0.2346 0 -1.78645 -1.88566 69.3511 16.5859 0 0 0 0 0 0 0 1 0 1 0 
Sat Aug 11 2018 14:28:02 -0.2399 0 -1.78622 -1.89586 69.1414 15.9761 0 0 0 0 0 0 0 1 0 1 0 
Sat Aug 11 2018 14:28:07 -0.2451 0 -1.78503 -1.93655 68.196 13.4392 0 0 0 0 0 0 0 1 0 1 0 
Sat Aug 11 2018 14:28:11 -0.1684 0 -1.78329 -1.98615 67.0319 10.6936 0 0 0 0 0 0 0 1 0 1 0 
Sat Aug 11 2018 14:28:13 -0.1441 0 -1.78264 -2.00574 66.6435 9.8646 0 0 0 0 0 0 0 1 0 1 0 
Sat Aug 11 2018 14:28:15 -0.1446 0 -1.78233 -2.01554 66.4635 9.4955 0 0 0 0 0 0 0 1 0 1 0 
Sat Aug 11 2018 14:28:16 -0.155 0 -1.78201 -2.02534 66.281 9.1306 0 0 0 0 0 0 0 1 0 1 0 
Sat Aug 11 2018 14:28:18 -0.1805 0 -1.78127 -2.04504 65.8721 8.3414 0 0 0 0 0 0 0 1 0 1 0 
Sat Aug 11 2018 14:28:19 -0.2026 0 -1.78035 -2.06424 65.3862 7.4448 0 0 0 0 0 0 0 1 0 1 0 
Sat Aug 11 2018 14:28:21 -0.2198 0 -1.77926 -2.08333 64.8266 6.4565 0 0 0 0 0 0 0 1 0 1 0 
Sat Aug 11 2018 14:28:22 -0.2269 0 -1.77865 -2.09273 64.5221 5.9356 0 0 0 0 0 0 0 1 0 1 0 
Sat Aug 11 2018 14:28:27 -0.2121 0 -1.77592 -2.12973 63.2045 3.7966 0 0 0 0 0 0 0 1 0 1 0 
Sat Aug 11 2018 14:28:29 -0.1879 0 -1.77387 -2.15683 62.2622 2.3721 0 0 0 0 0 0 0 1 0 1 0 
Sat Aug 11 2018 14:28:30 -0.1808 0 -1.77321 -2.16582 61.9641 1.9393 0 0 0 0 0 0 0 1 0 1 0 
Sat Aug 11 2018 14:28:35 -0.1904 0 -1.77054 -2.20082 60.7995 0.3271 0 0 0 0 0 0 0 1 0 1 0 
Sat Aug 11 2018 14:28:37 -0.2095 0 -1.76901 -2.21792 60.1478 -0.5279 0 0 0 0 0 0 0 1 0 1 0 
Sat Aug 11 2018 14:28:38 -0.2178 0 -1.76816 -2.22652 59.7936 -0.9808 0 0 0 0 0 0 0 1 0 1 0 
Sat Aug 11 2018 14:28:40 -0.2371 0 -1.76532 -2.25131 58.6286 -2.4208 0 0 0 0 0 0 0 1 0 1 0 
Sat Aug 11 2018 14:28:41 -0.2421 0 -1.76429 -2.25941 58.2106 -2.921 0 0 0 0 0 0 0 1 0 1 0 
Sat Aug 11 2018 14:28:43 -0.24 0 -1.76321 -2.26741 57.7808 -3.4269 0 0 0 0 0 0 0 1 0 1 0 
Sat Aug 11 2018 14:28:50 -0.1835 -0.2192 -1.7559 -2.322 54.947 -6.5604 0 0 0 0 0 0 0 1 0 1 0 
Sat Aug 11 2018 14:28:53 -0.1891 -0.5173 -1.75303 -2.3439 53.8735 -7.6561 0 0 0 0 0 0 0 1 0 1 0 
Sat Aug 11 2018 14:28:55 -0.2026 -0.8652 -1.7499 -2.3658 52.725 -8.7783 0 0 0 0 0 0 0 1 0 1 0 
Sat Aug 11 2018 14:28:56 -0.2061 -0.9938 -1.74879 -2.3732 52.3197 -9.1631 0 0 0 0 0 0 0 1 0 1 0 
Sat Aug 11 2018 14:28:58 -0.2118 -1.2675 -1.74645 -2.3878 51.4802 -9.9432 0 0 0 0 0 0 0 1 0 1 0 
Sat Aug 11 2018 14:28:59 -0.2142 -1.4117 -1.74524 -2.3951 51.0475 -10.3366 0 0 0 0 0 0 0 1 0 1 0 
Sat Aug 11 2018 14:29:01 -0.2181 -1.7133 -1.74272 -2.40969 50.1591 -11.1268 0 0 0 0 0 0 0 1 0 1 0 
Sat Aug 11 2018 14:29:02 -0.2197 -1.8701 -1.74142 -2.41699 49.7046 -11.5223 0 0 0 0 0 0 0 1 0 1 0 
Sat Aug 11 2018 14:29:04 -0.2223 -2.1945 -1.73875 -2.43159 48.7772 -12.3117 0 0 0 0 0 0 0 1 0 1 0 
Sat Aug 11 2018 14:29:05 -0.2234 -2.3616 -1.73738 -2.43889 48.3051 -12.7048 0 0 0 0 0 0 0 1 0 1 0 
Sat Aug 11 2018 14:29:07 -0.2252 -2.705 -1.73456 -2.45349 47.3455 -13.4861 0 0 0 0 0 0 0 1 0 1 0 
Sat Aug 11 2018 14:29:08 -0.2259 -2.8809 -1.73312 -2.46079 46.8586 -13.8737 0 0 0 0 0 0 0 1 0 1 0 
Sat Aug 11 2018 14:29:10 -0.2271 -3.2407 -1.73018 -2.47539 45.8717 -14.6419 0 0 0 0 0 0 0 1 0 1 0 
Sat Aug 11 2018 14:29:11 -0.2276 -3.4244 -1.72868 -2.48268 45.3722 -15.0221 0 0 0 0 0 0 0 1 0 1 0 
Sat Aug 11 2018 14:29:13 -0.2284 -3.7988 -1.72563 -2.49728 44.3616 -15.7738 0 0 0 0 0 0 0 1 0 1 0 
Sat Aug 11 2018 14:29:14 -0.2287 -3.9894 -1.72407 -2.50458 43.8509 -16.1451 0 0 0 0 0 0 0 1 0 1 0 
Sat Aug 11 2018 14:29:16 -0.2293 -4.3771 -1.7209 -2.51918 42.8192 -16.878 0 0 0 0 0 0 0 1 0 1 0 
Sat Aug 11 2018 14:29:17 -0.2295 -4.5742 -1.71929 -2.52648 42.2985 -17.2393 0 0 0 0 0 0 0 1 0 1 0 
Sat Aug 11 2018 14:29:19 -0.2298 -4.9745 -1.71601 -2.54108 41.2478 -17.9516 0 0 0 0 0 0 0 1 0 1 0 
Sat Aug 11 2018 14:29:20 -0.23 -5.1776 -1.71435 -2.54838 40.7179 -18.3024 0 0 0 0 0 0 0 1 0 1 0 
Sat Aug 11 2018 14:29:22 -0.2302 -5.5898 -1.71097 -2.56297 39.6496 -18.9929 0 0 0 0 0 0 0 1 0 1 0 
Sat Aug 11 2018 14:29:23 -0.2303 -5.7989 -1.70926 -2.57027 39.1112 -19.3326 0 0 0 0 0 0 0 1 0 1 0 
Sat Aug 11 2018 14:29:25 -0.2305 -6.2226 -1.70578 -2.58487 38.0266 -20.0004 0 0 0 0 0 0 0 1 0 1 0 
Sat Aug 11 2018 14:29:26 -0.2305 -6.4373 -1.70402 -2.59217 37.4803 -20.3285 0 0 0 0 0 0 0 1 0 1 0 
Sat Aug 11 2018 14:29:28 -0.2306 -6.8724 -1.70045 -2.60677 36.3803 -20.973 0 0 0 0 0 0 0 1 0 1 0 
Sat Aug 11 2018 14:29:29 -0.2306 -7.0927 -1.69864 -2.61407 35.8266 -21.2892 0 0 0 0 0 0 0 1 0 1 0 
Sat Aug 11 2018 14:29:31 -0.2307 -7.5388 -1.69498 -2.62867 34.7121 -21.9097 0 0 0 0 0 0 0 1 0 1 0 
Sat Aug 11 2018 14:29:32 -0.2307 -7.7646 -1.69312 -2.63607 34.1513 -22.2139 0 0 0 0 0 0 0 1 0 1 0 
Sat Aug 11 2018 14:29:34 -0.2308 -8.2217 -1.68937 -2.65066 33.0231 -22.81 0 0 0 0 0 0 0 1 0 1 0 
Sat Aug 11 2018 14:29:35 -0.2308 -8.453 -1.68748 -2.65796 32.4557 -23.1019 0 0 0 0 0 0 0 1 0 1 0 
Sat Aug 11 2018 14:29:37 -0.2308 -8.921 -1.68364 -2.67256 31.3145 -23.6733 0 0 0 0 0 0 0 1 0 1 0 
Sat Aug 11 2018 14:29:38 -0.2308 -9.1577 -1.6817 -2.67986 30.7407 -23.9527 0 0 0 0 0 0 0 1 0 1 0 
Sat Aug 11 2018 14:29:40 -0.2308 -9.6365 -1.67778 -2.69446 29.5872 -24.4989 0 0 0 0 0 0 0 1 0 1 0 
Sat Aug 11 2018 14:29:41 -0.2308 -9.8786 -1.6758 -2.70176 29.0074 -24.7656 0 0 0 0 0 0 0 1 0 1 0 
Sat Aug 11 2018 14:29:43 -0.2308 -10.3682 -1.6718 -2.71636 27.8421 -25.2864 0 0 0 0 0 0 0 1 0 1 0 
Sat Aug 11 2018 14:29:54 -0.2307 -13.1893 -1.64893 -2.79665 21.3069 -27.8419 0 0 0 0 0 0 0 1 0 1 0 
Sat Aug 11 2018 14:29:55 -0.2307 -13.4565 -1.64678 -2.80394 20.7031 -28.0479 0 0 0 0 0 0 0 1 0 1 0 
Sat Aug 11 2018 14:30:03 -0.2306 -15.6584 -1.62923 -2.86234 15.8229 -29.5361 0 0 0 0 0 0 0 1 0 1 0 
Sat Aug 11 2018 14:30:04 -0.2306 -15.9417 -1.627 -2.86964 15.2071 -29.7019 0 0 0 0 0 0 0 1 0 1 0 
Sat Aug 11 2018 14:30:06 -0.2306 -16.5136 -1.6225 -2.88433 13.972 -30.02 0 0 0 0 0 0 0 1 0 1 0 
Sat Aug 11 2018 14:30:07 -0.2306 -16.8023 -1.62024 -2.89163 13.3528 -30.1723 0 0 0 0 0 0 0 1 0 1 0 
Sat Aug 11 2018 14:30:09 -0.2306 -17.3849 -1.6157 -2.90623 12.1113 -30.4632 0 0 0 0 0 0 0 1 0 1 0 
Sat Aug 11 2018 14:30:10 -0.2306 -17.6789 -1.61342 -2.91353 11.489 -30.6019 0 0 0 0 0 0 0 1 0 1 0 
Sat Aug 11 2018 14:30:14 -0.1037 -18.3086 -1.61385 -2.90343 11.607 -30.5545 0 0 0 0 0 0 0 1 0 1 0 
Sat Aug 11 2018 14:30:16 -0.0579 -18.4283 -1.61494 -2.89723 11.904 -30.4802 0 0 0 0 0 0 0 1 0 1 0 
Sat Aug 11 2018 14:30:17 -0.0172 -18.564 -1.6156 -2.89063 12.0845 -30.4324 0 0 0 0 0 0 0 1 0 1 0 
Sat Aug 11 2018 14:30:19 0.0781 -18.9729 -1.61531 -2.86994 12.0072 -30.4433 0 0 0 0 0 0 0 1 0 1 0 
Sat Aug 11 2018 14:30:20 0.1024 -19.0905 -1.6146 -2.86294 11.8133 -30.493 0 0 0 0 0 0 0 1 0 1 0 
Sat Aug 11 2018 14:30:22 0.1426 -19.2821 -1.61248 -2.84834 11.2336 -30.6521 0 0 0 0 0 0 0 1 0 1 0 
Sat Aug 11 2018 14:30:23 0.1592 -19.3547 -1.61112 -2.84084 10.8638 -30.7589 0 0 0 0 0 0 0 1 0 1 0 
Sat Aug 11 2018 14:30:25 0.1811 -19.4101 -1.6096 -2.83294 10.4478 -30.883 0 0 0 0 0 0 0 1 0 1 0 
Sat Aug 11 2018 14:30:31 0.2858 -19.1619 -1.59599 -2.78145 6.7511 -32.124 0 0 0 0 0 0 0 1 0 1 0 
Sat Aug 11 2018 14:30:32 0.2617 -19.0671 -1.59329 -2.77225 6.0204 -32.3937 0 0 0 0 0 0 0 1 0 1 0 
Sat Aug 11 2018 14:30:32 0.2427 -18.9997 -1.59076 -2.76255 5.3371 -32.653 0 0 0 0 0 0 0 1 0 1 0 
Sat Aug 11 2018 14:30:37 0.1242 -18.9838 -1.58273 -2.72225 3.1808 -33.5256 0 0 0 0 0 0 0 1 0 1 0 
Sat Aug 11 2018 14:30:39 0.1429 -19.0998 -1.58024 -2.70146 2.5133 -33.8189 0 0 0 0 0 0 0 1 0 1 0 
Sat Aug 11 2018 14:30:40 0.2002 -19.1531 -1.57732 -2.68056 1.7333 -34.1832 0 0 0 0 0 0 0 1 0 1 0 
Sat Aug 11 2018 14:30:42 0.2493 -19.0892 -1.57345 -2.65976 0.7028 -34.693 0 0 0 0 0 0 0 1 0 1 0 
Sat Aug 11 2018 14:30:43 0.2697 -19.0105 -1.57119 -2.64926 0.1032 -35.0018 0 0 0 0 0 0 0 1 0 1 0 
Sat Aug 11 2018 14:30:45 0.3034 -18.7656 -1.56615 -2.62847 -1.229 -35.7158 0 0 0 0 0 0 0 1 0 1 0 
Sat Aug 11 2018 14:30:46 0.2875 -18.6143 -1.56344 -2.61797 -1.9416 -36.1122 0 0 0 0 0 0 0 1 0 1 0 
Sat Aug 11 2018 14:30:48 0.2469 -18.4937 -1.56084 -2.60757 -2.6238 -36.501 0 0 0 0 0 0 0 1 0 1 0 
Sat Aug 11 2018 14:30:53 0.0169 -18.5772 -1.55238 -2.54498 -4.8291 -37.8343 0 0 0 0 0 0 0 1 0 1 0 
Sat Aug 11 2018 14:30:55 -0.0382 -18.7238 -1.5522 -2.52418 -4.8753 -37.8584 0 0 0 0 0 0 0 1 0 1 0 
Sat Aug 11 2018 14:30:58 0.0616 -18.9264 -1.55253 -2.49288 -4.7906 -37.7883 0 0 0 0 0 0 0 1 0 1 0 
Sat Aug 11 2018 14:31:00 0.1039 -18.9793 -1.55206 -2.48248 -4.911 -37.8758 0 0 0 0 0 0 0 1 0 1 0 
Sat Aug 11 2018 14:31:01 0.1543 -19.023 -1.55018 -2.46159 -5.3974 -38.249 0 0 0 0 0 0 0 1 0 1 0 
Sat Aug 11 2018 14:31:03 0.1774 -19.0148 -1.54891 -2.45119 -5.7229 -38.5077 0 0 0 0 0 0 0 1 0 1 0 
Sat Aug 11 2018 14:31:07 0.2896 -18.5499 -1.53975 -2.39899 -8.0581 -40.504 0 0 0 0 0 0 0 1 0 1 0 
Sat Aug 11 2018 14:31:08 0.3051 -18.3691 -1.53745 -2.3886 -8.6399 -41.0325 0 0 0 0 0 0 0 1 0 1 0 
Sat Aug 11 2018 14:31:11 0.3032 -17.9431 -1.53253 -2.3678 -9.8701 -42.1864 0 0 0 0 0 0 0 1 0 1 0 
Sat Aug 11 2018 14:31:12 0.2649 -17.7547 -1.53014 -2.3573 -10.4651 -42.7621 0 0 0 0 0 0 0 1 0 1 0 
Sat Aug 11 2018 14:31:12 0.2143 -17.6202 -1.528 -2.3469 -10.9921 -43.2824 0 0 0 0 0 0 0 1 0 1 0 
Sat Aug 11 2018 14:31:16 0.0059 -17.5652 -1.52352 -2.30521 -12.0913 -44.4074 0 0 0 0 0 0 0 1 0 1 0 
Sat Aug 11 2018 14:31:18 -0.0314 -17.5987 -1.52339 -2.29481 -12.1238 -44.4395 0 0 0 0 0 0 0 1 0 1 0 
Sat Aug 11 2018 14:31:19 0.0157 -17.6577 -1.52366 -2.27391 -12.059 -44.3581 0 0 0 0 0 0 0 1 0 1 0 
Sat Aug 11 2018 14:31:21 0.0609 -17.684 -1.52357 -2.26351 -12.082 -44.3815 0 0 0 0 0 0 0 1 0 1 0 
Sat Aug 11 2018 14:31:31 0.3023 -16.546 -1.50986 -2.15922 -15.3307 -48.7451 0 0 0 0 0 0 0 1 0 1 0 
Sat Aug 11 2018 14:31:32 0.2847 -16.3156 -1.50786 -2.14883 -15.791 -49.4282 0 0 0 0 0 0 0 1 0 1 0 
Sat Aug 11 2018 14:31:36 0.3195 -15.1541 -1.49836 -2.09663 -17.9357 -52.84 0 0 0 0 0 0 0 1 0 1 0 
Sat Aug 11 2018 14:31:38 0.3353 -14.5792 -1.49433 -2.07584 -18.8194 -54.367 0 0 0 0 0 0 0 1 0 1 0 
Sat Aug 11 2018 14:31:39 0.3418 -14.2696 -1.49227 -2.06534 -19.2645 -55.1649 0 0 0 0 0 0 0 1 0 1 0 
Sat Aug 11 2018 14:31:41 0.3525 -13.6126 -1.48811 -2.04454 -20.1535 -56.819 0 0 0 0 0 0 0 1 0 1 0 
Sat Aug 11 2018 14:31:42 0.3569 -13.2676 -1.48601 -2.03404 -20.5946 -57.6719 0 0 0 0 0 0 0 1 0 1 0 
Sat Aug 11 2018 14:31:44 0.3641 -12.5494 -1.48181 -2.01324 -21.4652 -59.4218 0 0 0 0 0 0 0 1 0 1 0 
Sat Aug 11 2018 14:31:45 0.3671 -12.178 -1.47971 -2.00284 -21.8929 -60.3164 0 0 0 0 0 0 0 1 0 1 0 
Sat Aug 11 2018 14:31:47 0.372 -11.414 -1.47553 -1.98195 -22.7295 -62.1397 0 0 0 0 0 0 0 1 0 1 0 
Sat Aug 11 2018 14:31:48 0.374 -11.0226 -1.47345 -1.97155 -23.1373 -63.0667 0 0 0 0 0 0 0 1 0 1 0 
Sat Aug 11 2018 14:31:50 0.3773 -10.2236 -1.46934 -1.95065 -23.9298 -64.9475 0 0 0 0 0 0 0 1 0 1 0 
Sat Aug 11 2018 14:31:51 0.3787 -9.8169 -1.46731 -1.94025 -24.3136 -65.9001 0 0 0 0 0 0 0 1 0 1 0 
Sat Aug 11 2018 14:31:53 0.3809 -8.9906 -1.4633 -1.91935 -25.055 -67.8268 0 0 0 0 0 0 0 1 0 1 0 
Sat Aug 11 2018 14:31:54 0.3819 -8.5717 -1.46132 -1.90896 -25.412 -68.8 0 0 0 0 0 0 0 1 0 1 0 
Sat Aug 11 2018 14:31:56 0.3834 -7.7233 -1.45744 -1.88806 -26.0977 -70.7641 0 0 0 0 0 0 0 1 0 1 0 
Sat Aug 11 2018 14:31:58 0.3845 -6.8624 -1.45365 -1.86726 -26.7445 -72.7493 0 0 0 0 0 0 0 1 0 1 0 
Sat Aug 11 2018 14:32:00 0.3854 -5.9902 -1.44996 -1.84636 -27.3512 -74.7531 0 0 0 0 0 0 0 1 0 1 0 
Sat Aug 11 2018 14:32:16 0.388 0 -1.42483 -1.67948 -30.6883 -91.2459 0 0 0 0 0 0 0 1 0 1 0 
Sat Aug 11 2018 14:32:17 0.388 0 -1.42356 -1.66909 -30.8049 -92.2948 0 0 0 0 0 0 0 1 0 1 0 
Sat Aug 11 2018 14:32:19 0.3444 0 -1.42234 -1.65869 -30.9094 -93.3327 0 0 0 0 0 0 0 1 0 1 0 
Sat Aug 11 2018 14:32:23 0.0508 0 -1.42175 -1.61699 -30.9661 -93.7736 0 0 0 0 0 0 0 1 0 1 0 
Sat Aug 11 2018 14:32:24 -0.0061 0 -1.42191 -1.60659 -30.9581 -93.606 0 0 0 0 0 0 0 1 0 1 0 
Sat Aug 11 2018 14:32:29 -0.1947 0 -1.42103 -1.5545 -30.9657 -94.7815 0 0 0 0 0 0 0 1 0 1 0 
Sat Aug 11 2018 14:32:32 -0.2132 0 -1.41973 -1.51271 -30.8971 -97.0276 0 0 0 0 0 0 0 1 0 1 0 
Sat Aug 11 2018 14:32:34 -0.219 0 -1.41946 -1.50231 -30.8639 -97.6175 0 0 0 0 0 0 0 1 0 1 0 
Sat Aug 11 2018 14:32:35 -0.22 0 -1.41899 -1.48151 -30.7768 -98.8262 0 0 0 0 0 0 0 1 0 1 0 
Sat Aug 11 2018 14:32:37 -0.2128 0 -1.41863 -1.46061 -30.665 -100.029 0 0 0 0 0 0 0 1 0 1 0 
Sat Aug 11 2018 14:32:38 -0.2089 0 -1.41851 -1.45021 -30.601 -100.617 0 0 0 0 0 0 0 1 0 1 0 
Sat Aug 11 2018 14:32:40 -0.2024 0 -1.41834 -1.42942 -30.4585 -101.76 0 0 0 0 0 0 0 1 0 1 0 
Sat Aug 11 2018 14:32:41 -0.2001 0 -1.41831 -1.41902 -30.3801 -102.317 0 0 0 0 0 0 0 1 0 1 0 
Sat Aug 11 2018 14:32:43 -0.2015 0 -1.4183 -1.40862 -30.2968 -102.868 0 0 0 0 0 0 0 1 0 1 0 
Sat Aug 11 2018 14:32:47 -0.2278 0 -1.41874 -1.35673 -29.7691 -105.738 0 0 0 0 0 0 0 1 0 1 0 
Sat Aug 11 2018 14:32:48 -0.2334 0 -1.41893 -1.34643 -29.6369 -106.351 0 0 0 0 0 0 0 1 0 1 0 
Sat Aug 11 2018 14:32:53 -0.2433 0 -1.42011 -1.30503 -29.0145 -108.909 0 0 0 0 0 0 0 1 0 1 0 
Sat Aug 11 2018 14:32:54 -0.2377 0 -1.42051 -1.29473 -28.8394 -109.556 0 0 0 0 0 0 0 1 0 1 0 
Sat Aug 11 2018 14:32:56 -0.2134 0 -1.42137 -1.27424 -28.4837 -110.795 0 0 0 0 0 0 0 1 0 1 0 
Sat Aug 11 2018 14:32:57 -0.1912 0 -1.42229 -1.25384 -28.14 -111.905 0 0 0 0 0 0 0 1 0 1 0 
Sat Aug 11 2018 14:32:59 -0.1797 0 -1.42276 -1.24374 -27.9737 -112.415 0 0 0 0 0 0 0 1 0 1 0 
Sat Aug 11 2018 14:33:00 -0.1666 0 -1.42323 -1.23364 -27.8125 -112.892 0 0 0 0 0 0 0 1 0 1 0 
Sat Aug 11 2018 14:33:00 -0.1601 0 -1.4237 -1.22354 -27.6572 -113.337 0 0 0 0 0 0 0 1 0 1 0 
Sat Aug 11 2018 14:33:16 -0.2589 -2.1253 -1.43819 -1.06536 -23.7561 -121.908 0 0 0 0 0 0 0 1 0 1 0 
Sat Aug 11 2018 14:33:17 -0.2612 -2.3327 -1.43963 -1.05546 -23.4118 -122.532 0 0 0 0 0 0 0 1 0 1 0 
Sat Aug 11 2018 14:33:19 -0.2649 -2.7619 -1.44271 -1.03577 -22.6956 -123.785 0 0 0 0 0 0 0 1 0 1 0 
Sat Aug 11 2018 14:33:20 -0.2664 -2.9829 -1.44433 -1.02587 -22.3245 -124.413 0 0 0 0 0 0 0 1 0 1 0 
Sat Aug 11 2018 14:33:22 -0.2689 -3.4365 -1.44776 -1.00617 -21.5572 -125.668 0 0 0 0 0 0 0 1 0 1 0 
Sat Aug 11 2018 14:33:23 -0.27 -3.6686 -1.44957 -0.99627 -21.1615 -126.294 0 0 0 0 0 0 0 1 0 1 0 
Sat Aug 11 2018 14:33:25 -0.2717 -4.1424 -1.45336 -0.97657 -20.3473 -127.541 0 0 0 0 0 0 0 1 0 1 0 
Sat Aug 11 2018 14:33:26 -0.2724 -4.3838 -1.45534 -0.96667 -19.929 -128.161 0 0 0 0 0 0 0 1 0 1 0 
Sat Aug 11 2018 14:33:28 -0.2735 -4.8747 -1.45948 -0.94698 -19.0709 -129.394 0 0 0 0 0 0 0 1 0 1 0 
Sat Aug 11 2018 14:33:29 -0.274 -5.1241 -1.46163 -0.93708 -18.6315 -130.006 0 0 0 0 0 0 0 1 0 1 0 
Sat Aug 11 2018 14:33:31 -0.2748 -5.6302 -1.46612 -0.91738 -17.7322 -131.219 0 0 0 0 0 0 0 1 0 1 0 
Sat Aug 11 2018 14:33:32 -0.2751 -5.8867 -1.46845 -0.90748 -17.2727 -131.82 0 0 0 0 0 0 0 1 0 1 0 
Sat Aug 11 2018 14:33:34 -0.2756 -6.4065 -1.47329 -0.88778 -16.3344 -133.011 0 0 0 0 0 0 0 1 0 1 0 
Sat Aug 11 2018 14:33:35 -0.2758 -6.6696 -1.4758 -0.87789 -15.8558 -133.6 0 0 0 0 0 0 0 1 0 1 0 
Sat Aug 11 2018 14:33:37 -0.2761 -7.2022 -1.48098 -0.85819 -14.8802 -134.765 0 0 0 0 0 0 0 1 0 1 0 
Sat Aug 11 2018 14:33:38 -0.2763 -7.4715 -1.48367 -0.84829 -14.3833 -135.341 0 0 0 0 0 0 0 1 0 1 0 
Sat Aug 11 2018 14:33:40 -0.2765 -8.0161 -1.4892 -0.82859 -13.3718 -136.478 0 0 0 0 0 0 0 1 0 1 0 
Sat Aug 11 2018 14:33:41 -0.2766 -8.2913 -1.49206 -0.81869 -12.8574 -137.04 0 0 0 0 0 0 0 1 0 1 0 
Sat Aug 11 2018 14:33:43 -0.2767 -8.8476 -1.49795 -0.799 -11.8116 -138.148 0 0 0 0 0 0 0 1 0 1 0 
Sat Aug 11 2018 14:33:44 -0.2768 -9.1285 -1.50098 -0.7891 -11.2803 -138.694 0 0 0 0 0 0 0 1 0 1 0 
Sat Aug 11 2018 14:33:46 -0.2769 -9.6961 -1.50722 -0.7694 -10.2012 -139.771 0 0 0 0 0 0 0 1 0 1 0 
Sat Aug 11 2018 14:33:47 -0.2769 -9.9827 -1.51042 -0.7595 -9.6536 -140.302 0 0 0 0 0 0 0 1 0 1 0 
Sat Aug 11 2018 14:33:49 -0.277 -10.5614 -1.517 -0.7398 -8.5426 -141.348 0 0 0 0 0 0 0 1 0 1 0 
Sat Aug 11 2018 14:33:50 -0.277 -10.8535 -1.52038 -0.7299 -7.9793 -141.862 0 0 0 0 0 0 0 1 0 1 0 
Sat Aug 11 2018 14:33:52 -0.277 -11.4432 -1.52731 -0.71021 -6.8375 -142.874 0 0 0 0 0 0 0 1 0 1 0 
Sat Aug 11 2018 14:33:53 -0.277 -11.7408 -1.53086 -0.70031 -6.2591 -143.372 0 0 0 0 0 0 0 1 0 1 0 
Sat Aug 11 2018 14:33:55 -0.277 -12.3414 -1.53812 -0.68061 -5.0876 -144.35 0 0 0 0 0 0 0 1 0 1 0 
Sat Aug 11 2018 14:33:56 -0.277 -12.6444 -1.54184 -0.67071 -4.4946 -144.83 0 0 0 0 0 0 0 1 0 1 0 
Sat Aug 11 2018 14:33:58 -0.2771 -13.2558 -1.54944 -0.65101 -3.2945 -145.773 0 0 0 0 0 0 0 1 0 1 0 
Sat Aug 11 2018 14:33:59 -0.277 -13.5643 -1.55332 -0.64111 -2.6875 -146.235 0 0 0 0 0 0 0 1 0 1 0 
Sat Aug 11 2018 14:34:01 -0.277 -14.1865 -1.56125 -0.62132 -1.46 -147.142 0 0 0 0 0 0 0 1 0 1 0 
Sat Aug 11 2018 14:34:02 -0.277 -14.5003 -1.56529 -0.61152 -0.8396 -147.586 0 0 0 0 0 0 0 1 0 1 0 
Sat Aug 11 2018 14:34:04 -0.277 -15.1333 -1.57353 -0.59172 0.4143 -148.456 0 0 0 0 0 0 0 1 0 1 0 
Sat Aug 11 2018 14:34:05 -0.277 -15.4525 -1.57773 -0.58192 1.0476 -148.881 0 0 0 0 0 0 0 1 0 1 0 
Sat Aug 11 2018 14:34:07 -0.277 -16.0962 -1.58628 -0.56212 2.3266 -149.714 0 0 0 0 0 0 0 1 0 1 0 
Sat Aug 11 2018 14:34:08 -0.277 -16.4207 -1.59062 -0.55233 2.9722 -150.12 0 0 0 0 0 0 0 1 0 1 0 
Sat Aug 11 2018 14:34:10 -0.277 -17.0752 -1.59947 -0.53253 4.2753 -150.914 0 0 0 0 0 0 0 1 0 1 0 
Sat Aug 11 2018 14:34:11 -0.277 -17.4051 -1.60396 -0.52273 4.9326 -151.301 0 0 0 0 0 0 0 1 0 1 0 
Sat Aug 11 2018 14:34:13 -0.277 -18.0703 -1.61307 -0.50293 6.2586 -152.056 0 0 0 0 0 0 0 1 0 1 0 
Sat Aug 11 2018 14:34:17 -0.1269 -18.9229 -1.62046 -0.49463 7.3247 -152.643 0 0 0 0 0 0 0 1 0 1 0 
Sat Aug 11 2018 14:34:19 -0.0788 -19.0129 -1.6184 -0.49323 7.0281 -152.479 0 0 0 0 0 0 0 1 0 1 0 
Sat Aug 11 2018 14:34:55 0.2751 -17.4391 -1.74703 -0.57372 24.4807 -162.528 0 0 0 0 0 0 0 1 0 1 0 
Sat Aug 11 2018 14:35:02 0.083 -17.2413 -1.76396 -0.60672 26.61 -163.956 0 0 0 0 0 0 0 1 0 1 0 
Sat Aug 11 2018 14:35:05 0.1818 -17.2615 -1.77209 -0.63672 27.6133 -164.681 0 0 0 0 0 0 0 1 0 1 0 
Sat Aug 11 2018 14:35:07 0.2352 -17.1207 -1.77898 -0.65301 28.451 -165.317 0 0 0 0 0 0 0 1 0 1 0 
Sat Aug 11 2018 14:35:08 0.2766 -16.8541 -1.78769 -0.66971 29.4972 -166.14 0 0 0 0 0 0 0 1 0 1 0 
Sat Aug 11 2018 14:35:10 0.3086 -16.4714 -1.79782 -0.68681 30.6969 -167.117 0 0 0 0 0 0 0 1 0 1 0 
Sat Aug 11 2018 14:35:11 0.3217 -16.2412 -1.80332 -0.69561 31.3399 -167.655 0 0 0 0 0 0 0 1 0 1 0 
Sat Aug 11 2018 14:35:13 0.3434 -15.7134 -1.81501 -0.71311 32.6899 -168.815 0 0 0 0 0 0 0 1 0 1 0 
Sat Aug 11 2018 14:35:14 0.3523 -15.4197 -1.82116 -0.7218 33.3896 -169.433 0 0 0 0 0 0 0 1 0 1 0 
Sat Aug 11 2018 14:35:16 0.367 -14.7812 -1.83394 -0.7394 34.824 -170.733 0 0 0 0 0 0 0 1 0 1 0 
Sat Aug 11 2018 14:35:17 0.373 -14.4397 -1.84055 -0.7481 35.5538 -171.412 0 0 0 0 0 0 0 1 0 1 0 
Sat Aug 11 2018 14:35:19 0.383 -13.719 -1.85412 -0.7656 37.0288 -172.822 0 0 0 0 0 0 0 1 0 1 0 
Sat Aug 11 2018 14:35:20 0.3871 -13.3422 -1.86106 -0.7744 37.771 -173.55 0 0 0 0 0 0 0 1 0 1 0 
Sat Aug 11 2018 14:35:22 0.3938 -12.5605 -1.87522 -0.7919 39.2579 -175.048 0 0 0 0 0 0 0 1 0 1 0 
Sat Aug 11 2018 14:35:23 0.3965 -12.1574 -1.88241 -0.80069 40.0005 -175.817 0 0 0 0 0 0 0 1 0 1 0 
Sat Aug 11 2018 14:35:25 0.4011 -11.3303 -1.89701 -0.81819 41.4799 -177.388 0 0 0 0 0 0 0 1 0 1 0 
Sat Aug 11 2018 14:35:26 0.403 -10.9075 -1.90441 -0.82699 42.2151 -178.19 0 0 0 0 0 0 0 1 0 1 0 
Sat Aug 11 2018 14:35:28 0.4061 -10.0457 -1.91937 -0.84449 43.6738 -179.824 0 0 0 0 0 0 0 1 0 1 0 
Sat Aug 11 2018 14:35:29 0.4073 -9.6077 -1.92693 -0.85319 44.3962 -180.655 0 0 0 0 0 0 0 1 0 1 0 
Sat Aug 11 2018 14:35:31 0.4094 -8.7189 -1.9422 -0.87079 45.8251 -182.344 0 0 0 0 0 0 0 1 0 1 0 
Sat Aug 11 2018 14:35:32 0.4103 -8.2688 -1.94991 -0.87948 46.531 -183.2 0 0 0 0 0 0 0 1 0 1 0 
Sat Aug 11 2018 14:35:34 0.4117 -7.3581 -1.96545 -0.89698 47.9239 -184.937 0 0 0 0 0 0 0 1 0 1 0 
Sat Aug 11 2018 14:35:35 0.4122 -6.8981 -1.97328 -0.90578 48.6106 -185.816 0 0 0 0 0 0 0 1 0 1 0 
Sat Aug 11 2018 14:35:37 0.4132 -5.9692 -1.98907 -0.92328 49.9632 -187.597 0 0 0 0 0 0 0 1 0 1 0 
Sat Aug 11 2018 14:35:38 0.4136 -5.5006 -1.99702 -0.93208 50.6288 -188.498 0 0 0 0 0 0 0 1 0 1 0 
Sat Aug 11 2018 14:35:40 0.4142 -4.5559 -2.01305 -0.94958 51.9377 -190.319 0 0 0 0 0 0 0 1 0 1 0 
Sat Aug 11 2018 14:35:41 0.4145 -4.0799 -2.02112 -0.95838 52.5808 -191.239 0 0 0 0 0 0 0 1 0 1 0 
Sat Aug 11 2018 14:35:43 0.4149 -3.1211 -2.03738 -0.97587 53.8437 -193.098 0 0 0 0 0 0 0 1 0 1 0 
Sat Aug 11 2018 14:35:44 0.415 -2.6383 -2.04556 -0.98467 54.4633 -194.036 0 0 0 0 0 0 0 1 0 1 0 
Sat Aug 11 2018 14:35:46 0.4153 -1.6664 -2.06206 -1.00217 55.6783 -195.93 0 0 0 0 0 0 0 1 0 1 0 
Sat Aug 11 2018 14:35:47 0.4154 -1.1773 -2.07036 -1.01087 56.2735 -196.885 0 0 0 0 0 0 0 1 0 1 0 
Sat Aug 11 2018 14:35:49 0.4156 -0.1931 -2.08709 -1.02847 57.4391 -198.812 0 0 0 0 0 0 0 1 0 1 0 
Sat Aug 11 2018 14:35:50 0.4157 0 -2.09551 -1.03717 58.0093 -199.783 0 0 0 0 0 0 0 1 0 1 0 
Sat Aug 11 2018 14:35:52 0.4158 0 -2.11248 -1.05476 59.1242 -201.741 0 0 0 0 0 0 0 1 0 1 0 
Sat Aug 11 2018 14:35:53 0.4159 0 -2.12103 -1.06346 59.6689 -202.728 0 0 0 0 0 0 0 1 0 1 0 
Sat Aug 11 2018 14:35:55 0.3708 0 -2.12952 -1.07386 60.1981 -203.709 0 0 0 0 0 0 0 1 0 1 0 
Sat Aug 11 2018 14:35:59 0.067 0 -2.13287 -1.11566 60.4129 -204.082 0 0 0 0 0 0 0 1 0 1 0 
Sat Aug 11 2018 14:36:00 0.0083 0 -2.13127 -1.12605 60.3207 -203.889 0 0 0 0 0 0 0 1 0 1 0 
Sat Aug 11 2018 14:36:02 -0.1287 0 -2.13309 -1.15735 60.4188 -204.12 0 0 0 0 0 0 0 1 0 1 0 
Sat Aug 11 2018 14:36:03 -0.1638 0 -2.13551 -1.16775 60.5483 -204.427 0 0 0 0 0 0 0 1 0 1 0 
Sat Aug 11 2018 14:36:05 -0.1871 0 -2.13862 -1.17815 60.7118 -204.826 0 0 0 0 0 0 0 1 0 1 0 
Sat Aug 11 2018 14:36:07 -0.2191 0 -2.15028 -1.20944 61.2953 -206.337 0 0 0 0 0 0 0 1 0 1 0 
Sat Aug 11 2018 14:36:09 -0.2326 0 -2.15904 -1.23034 61.7062 -207.489 0 0 0 0 0 0 0 1 0 1 0 
Sat Aug 11 2018 14:36:10 -0.2381 0 -2.16361 -1.24074 61.9117 -208.094 0 0 0 0 0 0 0 1 0 1 0 
Sat Aug 11 2018 14:36:17 -0.1736 0 -2.19443 -1.31373 63.1353 -212.24 0 0 0 0 0 0 0 1 0 1 0 
Sat Aug 11 2018 14:36:19 -0.1535 0 -2.20113 -1.33463 63.3592 -213.162 0 0 0 0 0 0 0 1 0 1 0 
Sat Aug 11 2018 14:36:20 -0.1458 0 -2.20417 -1.34503 63.4545 -213.584 0 0 0 0 0 0 0 1 0 1 0 
Sat Aug 11 2018 14:36:22 -0.1332 0 -2.20976 -1.36592 63.6188 -214.368 0 0 0 0 0 0 0 1 0 1 0 
Sat Aug 11 2018 14:36:23 -0.128 0 -2.21235 -1.37632 63.6897 -214.736 0 0 0 0 0 0 0 1 0 1 0 
Sat Aug 11 2018 14:36:25 -0.1335 0 -2.21485 -1.38682 63.7545 -215.092 0 0 0 0 0 0 0 1 0 1 0 
Sat Aug 11 2018 14:36:33 -0.2222 0 -2.24144 -1.47021 64.2642 -218.991 0 0 0 0 0 0 0 1 0 1 0 
Sat Aug 11 2018 14:36:34 -0.2241 0 -2.24551 -1.48061 64.3171 -219.599 0 0 0 0 0 0 0 1 0 1 0 
Sat Aug 11 2018 14:36:39 -0.2083 -0.9086 -2.27027 -1.5432 64.5063 -223.334 0 0 0 0 0 0 0 1 0 1 0 
Sat Aug 11 2018 14:36:41 -0.1979 -1.2006 -2.27778 -1.5641 64.5161 -224.481 0 0 0 0 0 0 0 1 0 1 0 
Sat Aug 11 2018 14:36:42 -0.1936 -1.341 -2.28137 -1.5745 64.5121 -225.032 0 0 0 0 0 0 0 1 0 1 0 
Sat Aug 11 2018 14:36:44 -0.1865 -1.6144 -2.28828 -1.5954 64.4876 -226.1 0 0 0 0 0 0 0 1 0 1 0 
Sat Aug 11 2018 14:36:45 -0.1836 -1.7486 -2.29162 -1.60579 64.4675 -226.619 0 0 0 0 0 0 0 1 0 1 0 
Sat Aug 11 2018 14:36:47 -0.1788 -2.014 -2.2981 -1.62669 64.4122 -227.633 0 0 0 0 0 0 0 1 0 1 0 
Sat Aug 11 2018 14:36:48 -0.1769 -2.146 -2.30125 -1.63709 64.3774 -228.129 0 0 0 0 0 0 0 1 0 1 0 
Sat Aug 11 2018 14:36:50 -0.1736 -2.41 -2.3074 -1.65799 64.2934 -229.105 0 0 0 0 0 0 0 1 0 1 0 
Sat Aug 11 2018 14:36:51 -0.1723 -2.5425 -2.3104 -1.66839 64.2444 -229.585 0 0 0 0 0 0 0 1 0 1 0 
Sat Aug 11 2018 14:36:53 -0.17 -2.8092 -2.31629 -1.68918 64.1327 -230.533 0 0 0 0 0 0 0 1 0 1 0 
Sat Aug 11 2018 14:36:54 -0.1691 -2.9438 -2.31918 -1.69968 64.0701 -231.002 0 0 0 0 0 0 0 1 0 1 0 
Sat Aug 11 2018 14:36:56 -0.1676 -3.2159 -2.32484 -1.72048 63.9311 -231.929 0 0 0 0 0 0 0 1 0 1 0 
Sat Aug 11 2018 14:36:57 -0.167 -3.3537 -2.32763 -1.73098 63.8549 -232.389 0 0 0 0 0 0 0 1 0 1 0 
Sat Aug 11 2018 14:36:59 -0.166 -3.633 -2.33311 -1.75178 63.689 -233.301 0 0 0 0 0 0 0 1 0 1 0 
Sat Aug 11 2018 14:37:00 -0.1656 -3.7747 -2.33581 -1.76227 63.5993 -233.753 0 0 0 0 0 0 0 1 0 1 0 
Sat Aug 11 2018 14:37:02 -0.1649 -4.0624 -2.34111 -1.78307 63.4065 -234.652 0 0 0 0 0 0 0 1 0 1 0 
Sat Aug 11 2018 14:37:03 -0.1646 -4.2085 -2.34373 -1.79347 63.3034 -235.098 0 0 0 0 0 0 0 1 0 1 0 
Sat Aug 11 2018 14:37:05 -0.1641 -4.5053 -2.34886 -1.81437 63.0837 -235.985 0 0 0 0 0 0 0 1 0 1 0 
Sat Aug 11 2018 14:37:06 -0.1639 -4.6561 -2.3514 -1.82477 62.9673 -236.425 0 0 0 0 0 0 0 1 0 1 0 
Sat Aug 11 2018 14:37:08 -0.1635 -4.9625 -2.35637 -1.84566 62.721 -237.301 0 0 0 0 0 0 0 1 0 1 0 
Sat Aug 11 2018 14:37:09 -0.1634 -5.1182 -2.35882 -1.85606 62.5912 -237.737 0 0 0 0 0 0 0 1 0 1 0 
Sat Aug 11 2018 14:37:11 -0.1632 -5.4347 -2.36364 -1.87696 62.3183 -238.602 0 0 0 0 0 0 0 1 0 1 0 
Sat Aug 11 2018 14:37:12 -0.1631 -5.5955 -2.366 -1.88736 62.1752 -239.032 0 0 0 0 0 0 0 1 0 1 0 
Sat Aug 11 2018 14:37:14 -0.1629 -5.9222 -2.37065 -1.90826 61.876 -239.887 0 0 0 0 0 0 0 1 0 1 0 
Sat Aug 11 2018 14:37:15 -0.1628 -6.0881 -2.37293 -1.91865 61.7198 -240.312 0 0 0 0 0 0 0 1 0 1 0 
Sat Aug 11 2018 14:37:17 -0.1627 -6.4252 -2.3774 -1.93955 61.3943 -241.156 0 0 0 0 0 0 0 1 0 1 0 
Sat Aug 11 2018 14:37:18 -0.1627 -6.5964 -2.37959 -1.94995 61.2251 -241.575 0 0 0 0 0 0 0 1 0 1 0 
Sat Aug 11 2018 14:37:20 -0.1626 -6.944 -2.38388 -1.97085 60.8737 -242.407 0 0 0 0 0 0 0 1 0 1 0 
Sat Aug 11 2018 14:37:21 -0.1625 -7.1204 -2.38598 -1.98125 60.6916 -242.82 0 0 0 0 0 0 0 1 0 1 0 
Sat Aug 11 2018 14:37:23 -0.1625 -7.4786 -2.39008 -2.00214 60.3146 -243.641 0 0 0 0 0 0 0 1 0 1 0 
Sat Aug 11 2018 14:37:24 -0.1624 -7.6604 -2.39209 -2.01254 60.1198 -244.048 0 0 0 0 0 0 0 1 0 1 0 
Sat Aug 11 2018 14:37:26 -0.1624 -8.0292 -2.39599 -2.03344 59.7175 -244.856 0 0 0 0 0 0 0 1 0 1 0 
Sat Aug 11 2018 14:37:27 -0.1624 -8.2163 -2.39789 -2.04384 59.5101 -245.256 0 0 0 0 0 0 0 1 0 1 0 
Sat Aug 11 2018 14:37:29 -0.1623 -8.5958 -2.40158 -2.06464 59.0829 -246.051 0 0 0 0 0 0 0 1 0 1 0 
Sat Aug 11 2018 14:37:30 -0.1623 -8.7882 -2.40337 -2.07514 58.8631 -246.444 0 0 0 0 0 0 0 1 0 1 0 
Sat Aug 11 2018 14:37:32 -0.1623 -9.1784 -2.40684 -2.09593 58.4114 -247.225 0 0 0 0 0 0 0 1 0 1 0 
Sat Aug 11 2018 14:37:35 -0.1622 -9.777 -2.41175 -2.12723 57.7038 -248.376 0 0 0 0 0 0 0 1 0 1 0 
Sat Aug 11 2018 14:37:36 -0.1622 -9.9802 -2.41331 -2.13773 57.4599 -248.755 0 0 0 0 0 0 0 1 0 1 0 
Sat Aug 11 2018 14:37:38 -0.1622 -10.3918 -2.4163 -2.15852 56.9606 -249.505 0 0 0 0 0 0 0 1 0 1 0 
Sat Aug 11 2018 14:37:39 -0.1622 -10.6002 -2.41772 -2.16902 56.705 -249.876 0 0 0 0 0 0 0 1 0 1 0 
Sat Aug 11 2018 14:37:41 -0.1621 -11.0226 -2.42045 -2.18982 56.1825 -250.61 0 0 0 0 0 0 0 1 0 1 0 
Sat Aug 11 2018 14:37:42 -0.1621 -11.2364 -2.42174 -2.20022 55.9156 -250.973 0 0 0 0 0 0 0 1 0 1 0 
Sat Aug 11 2018 14:37:44 -0.1621 -11.6695 -2.42419 -2.22112 55.3705 -251.69 0 0 0 0 0 0 0 1 0 1 0 
Sat Aug 11 2018 14:37:45 -0.1621 -11.8887 -2.42534 -2.23152 55.0924 -252.044 0 0 0 0 0 0 0 1 0 1 0 
Sat Aug 11 2018 14:37:47 -0.1621 -12.3325 -2.42749 -2.25241 54.5252 -252.743 0 0 0 0 0 0 0 1 0 1 0 
Sat Aug 11 2018 14:37:48 -0.1621 -12.557 -2.42848 -2.26281 54.2362 -253.089 0 0 0 0 0 0 0 1 0 1 0 
Sat Aug 11 2018 14:37:50 -0.162 -13.0115 -2.43032 -2.28371 53.6476 -253.77 0 0 0 0 0 0 0 1 0 1 0 
Sat Aug 11 2018 14:37:51 -0.162 -13.2415 -2.43116 -2.29411 53.348 -254.105 0 0 0 0 0 0 0 1 0 1 0 
Sat Aug 11 2018 14:37:53 -0.162 -13.7067 -2.43266 -2.31501 52.7384 -254.768 0 0 0 0 0 0 0 1 0 1 0 
Sat Aug 11 2018 14:37:54 -0.162 -13.942 -2.43332 -2.3254 52.4285 -255.094 0 0 0 0 0 0 0 1 0 1 0 
Sat Aug 11 2018 14:37:56 -0.162 -14.418 -2.43447 -2.3463 51.7986 -255.736 0 0 0 0 0 0 0 1 0 1 0 
Sat Aug 11 2018 14:37:57 -0.162 -14.6587 -2.43496 -2.3567 51.4787 -256.053 0 0 0 0 0 0 0 1 0 1 0 
Sat Aug 11 2018 14:37:59 -0.1619 -15.1454 -2.43573 -2.3776 50.8291 -256.675 0 0 0 0 0 0 0 1 0 1 0 
Sat Aug 11 2018 14:38:00 -0.1619 -15.3915 -2.43602 -2.388 50.4995 -256.981 0 0 0 0 0 0 0 1 0 1 0 
Sat Aug 11 2018 14:38:02 -0.1619 -15.8889 -2.43639 -2.40889 49.8309 -257.583 0 0 0 0 0 0 0 1 0 1 0 
Sat Aug 11 2018 14:38:03 -0.1619 -16.1403 -2.43647 -2.41929 49.4919 -257.878 0 0 0 0 0 0 0 1 0 1 0 
Sat Aug 11 2018 14:38:05 -0.1619 -16.6485 -2.43642 -2.44019 48.8049 -258.459 0 0 0 0 0 0 0 1 0 1 0 
Sat Aug 11 2018 14:38:06 -0.1619 -16.9053 -2.43628 -2.45059 48.4569 -258.743 0 0 0 0 0 0 0 1 0 1 0 
Sat Aug 11 2018 14:38:08 -0.1618 -17.4242 -2.43578 -2.47139 47.7522 -259.302 0 0 0 0 0 0 0 1 0 1 0 
Sat Aug 11 2018 14:38:09 -0.1618 -17.6864 -2.43541 -2.48188 47.3956 -259.575 0 0 0 0 0 0 0 1 0 1 0 
Sat Aug 11 2018 14:38:11 -0.1618 -18.216 -2.43442 -2.50268 46.6739 -260.111 0 0 0 0 0 0 0 1 0 1 0 
Sat Aug 11 2018 14:38:12 -0.1679 -18.4849 -2.4338 -2.51298 46.3074 -260.375 0 0 0 0 0 0 0 1 0 1 0 
Sat Aug 11 2018 14:38:14 -0.179 -18.7623 -2.43307 -2.52318 45.9262 -260.643 0 0 0 0 0 0 0 1 0 1 0 
Sat Aug 11 2018 14:38:17 -0.0297 -19.4598 -2.43461 -2.56407 46.6086 -260.182 0 0 0 0 0 0 0 1 0 1 0 
Sat Aug 11 2018 14:38:19 0.0077 -19.6481 -2.43482 -2.57407 46.6975 -260.124 0 0 0 0 0 0 0 1 0 1 0 
Sat Aug 11 2018 14:38:20 0.0696 -20.0168 -2.43453 -2.59407 46.6175 -260.168 0 0 0 0 0 0 0 1 0 1 0 
Sat Aug 11 2018 14:38:25 0.2164 -20.6568 -2.42888 -2.64376 45.1423 -260.985 0 0 0 0 0 0 0 1 0 1 0 
Sat Aug 11 2018 14:38:27 0.2623 -20.7118 -2.42397 -2.66336 44.0479 -261.552 0 0 0 0 0 0 0 1 0 1 0 
Sat Aug 11 2018 14:38:28 0.2812 -20.6929 -2.42089 -2.67316 43.4127 -261.87 0 0 0 0 0 0 0 1 0 1 0 
Sat Aug 11 2018 14:38:33 0.2488 -20.4778 -2.40499 -2.71176 40.5707 -263.207 0 0 0 0 0 0 0 1 0 1 0 
Sat Aug 11 2018 14:38:34 0.2105 -20.482 -2.40093 -2.72135 39.9338 -263.489 0 0 0 0 0 0 0 1 0 1 0 
Sat Aug 11 2018 14:38:36 0.1091 -20.6261 -2.39423 -2.74015 38.949 -263.906 0 0 0 0 0 0 0 1 0 1 0 
Sat Aug 11 2018 14:38:37 0.0593 -20.7553 -2.392 -2.74945 38.6416 -264.031 0 0 0 0 0 0 0 1 0 1 0 
Sat Aug 11 2018 14:38:39 0.0148 -21.0564 -2.39004 -2.76805 38.3852 -264.129 0 0 0 0 0 0 0 1 0 1 0 
Sat Aug 11 2018 14:38:40 0.0504 -21.2064 -2.38956 -2.77725 38.3262 -264.149 0 0 0 0 0 0 0 1 0 1 0 
Sat Aug 11 2018 14:38:49 0.2816 -21.499 -2.35011 -2.85564 34.109 -265.474 0 0 0 0 0 0 0 1 0 1 0 
Sat Aug 11 2018 14:38:50 0.2609 -21.4272 -2.34216 -2.86404 33.3701 -265.68 0 0 0 0 0 0 0 1 0 1 0 
Sat Aug 11 2018 14:38:52 0.2455 -21.3376 -2.32647 -2.88073 31.9934 -266.046 0 0 0 0 0 0 0 1 0 1 0 
Sat Aug 11 2018 14:38:53 0.2453 -21.3005 -2.3185 -2.88883 31.3312 -266.213 0 0 0 0 0 0 0 1 0 1 0 
Sat Aug 11 2018 14:38:55 0.2185 -21.231 -2.30184 -2.90493 30.0187 -266.527 0 0 0 0 0 0 0 1 0 1 0 
Sat Aug 11 2018 14:38:56 0.1694 -21.2368 -2.29395 -2.91283 29.4271 -266.661 0 0 0 0 0 0 0 1 0 1 0 
Sat Aug 11 2018 14:38:58 0.1385 -21.3432 -2.28144 -2.92783 28.5281 -266.853 0 0 0 0 0 0 0 1 0 1 0 
Sat Aug 11 2018 14:38:59 0.149 -21.4047 -2.27582 -2.93513 28.1385 -266.931 0 0 0 0 0 0 0 1 0 1 0 
Sat Aug 11 2018 14:39:01 0.1916 -21.4873 -2.26295 -2.94953 27.2777 -267.094 0 0 0 0 0 0 0 1 0 1 0 
Sat Aug 11 2018 14:39:09 0.2999 -20.7544 -2.16392 -3.00332 21.5931 -267.967 0 0 0 0 0 0 0 1 0 1 0 
Sat Aug 11 2018 14:39:10 0.255 -20.6269 -2.14769 -3.00962 20.7784 -268.07 0 0 0 0 0 0 0 1 0 1 0 
Sat Aug 11 2018 14:39:10 0.2155 -20.5554 -2.13297 -3.01542 20.0613 -268.156 0 0 0 0 0 0 0 1 0 1 0 
Sat Aug 11 2018 14:39:12 0.1856 -20.5264 -2.11997 -3.02132 19.4448 -268.226 0 0 0 0 0 0 0 1 0 1 0 
Sat Aug 11 2018 14:39:14 0.1201 -20.5866 -2.08944 -3.03821 18.0553 -268.366 0 0 0 0 0 0 0 1 0 1 0 
Sat Aug 11 2018 14:39:15 0.1035 -20.6353 -2.0816 -3.04381 17.7107 -268.397 0 0 0 0 0 0 0 1 0 1 0 
Sat Aug 11 2018 14:39:17 0.1125 -20.6888 -2.07457 -3.04861 17.4061 -268.422 0 0 0 0 0 0 0 1 0 1 0 
Sat Aug 11 2018 14:39:18 0.1416 -20.732 -2.0671 -3.05341 17.0867 -268.447 0 0 0 0 0 0 0 1 0 1 0 
Sat Aug 11 2018 14:39:20 0.2279 -20.7092 -2.03368 -3.06781 15.6989 -268.542 0 0 0 0 0 0 0 1 0 1 0 
Sat Aug 11 2018 14:39:21 0.2509 -20.6398 -2.01841 -3.07261 15.0854 -268.58 0 0 0 0 0 0 0 1 0 1 0 
Sat Aug 11 2018 14:39:23 0.2888 -20.4091 -1.98218 -3.08051 13.6742 -268.657 0 0 0 0 0 0 0 1 0 1 0 
Sat Aug 11 2018 14:39:24 0.3044 -20.2511 -1.96144 -3.08451 12.8913 -268.696 0 0 0 0 0 0 0 1 0 1 0 
Sat Aug 11 2018 14:39:33 0.0647 -19.4083 -1.80553 -3.10751 7.4394 -268.891 0 0 0 0 0 0 0 1 0 1 0 
Sat Aug 11 2018 14:39:36 0.0918 -19.5948 -1.79024 -3.11251 6.9376 -268.895 0 0 0 0 0 0 0 1 0 1 0 
Sat Aug 11 2018 14:39:38 0.1302 -19.6159 -1.783 -3.11311 6.701 -268.898 0 0 0 0 0 0 0 1 0 1 0 
Sat Aug 11 2018 14:39:42 0.2667 -19.2822 -1.70325 -3.11381 4.1381 -268.941 0 0 0 0 0 0 0 1 0 1 0 
Sat Aug 11 2018 14:39:43 0.2849 -19.1222 -1.68038 -3.11361 3.4157 -268.954 0 0 0 0 0 0 0 1 0 1 0 
Sat Aug 11 2018 14:39:45 0.2784 -18.9421 -1.65596 -3.11291 2.6491 -268.969 0 0 0 0 0 0 0 1 0 1 0 
Sat Aug 11 2018 14:39:46 0.2522 -18.7762 -1.63167 -3.11221 1.8906 -268.983 0 0 0 0 0 0 0 1 0 1 0 
Sat Aug 11 2018 14:39:48 0.1774 -18.5534 -1.58935 -3.10971 0.575 -269.01 0 0 0 0 0 0 0 1 0 1 0 
Sat Aug 11 2018 14:39:49 0.1368 -18.501 -1.57285 -3.10791 0.0637 -269.021 0 0 0 0 0 0 0 1 0 1 0 
Sat Aug 11 2018 14:39:51 0.0776 -18.4791 -1.55029 -3.10371 -0.6351 -269.037 0 0 0 0 0 0 0 1 0 1 0 
Sat Aug 11 2018 14:39:54 0.1617 -18.4422 -1.51577 -3.09181 -1.7037 -269.068 0 0 0 0 0 0 0 1 0 1 0 
Sat Aug 11 2018 14:39:56 0.2194 -18.2894 -1.48525 -3.08461 -2.649 -269.108 0 0 0 0 0 0 0 1 0 1 0 
Sat Aug 11 2018 14:39:57 0.2434 -18.1655 -1.46623 -3.08101 -3.2389 -269.137 0 0 0 0 0 0 0 1 0 1 0 
Sat Aug 11 2018 14:39:59 0.2829 -17.8245 -1.42214 -3.07271 -4.6107 -269.212 0 0 0 0 0 0 0 1 0 1 0 
Sat Aug 11 2018 14:40:00 0.2992 -17.6106 -1.39764 -3.06791 -5.3768 -269.26 0 0 0 0 0 0 0 1 0 1 0 
Sat Aug 11 2018 14:40:05 0.171 -16.5751 -1.27663 -3.04041 -9.2235 -269.555 0 0 0 0 0 0 0 1 0 1 0 
Sat Aug 11 2018 14:40:07 0.1187 -16.4981 -1.26129 -3.03372 -9.721 -269.602 0 0 0 0 0 0 0 1 0 1 0 
Sat Aug 11 2018 14:40:29 -0.2634 -13.7364 -1.54778 -2.86544 -0.747 -267.554 0 0 0 0 0 0 0 1 0 1 0 
Sat Aug 11 2018 14:40:30 -0.2658 -13.499 -1.56928 -2.85814 -0.0495 -267.358 0 0 0 0 0 0 0 1 0 1 0 
Sat Aug 11 2018 14:40:32 -0.2699 -13.0091 -1.61191 -2.84344 1.3597 -266.943 0 0 0 0 0 0 0 1 0 1 0 
Sat Aug 11 2018 14:40:33 -0.2715 -12.7573 -1.63292 -2.83604 2.0699 -266.726 0 0 0 0 0 0 0 1 0 1 0 
Sat Aug 11 2018 14:40:35 -0.2743 -12.2415 -1.67414 -2.82144 3.4979 -266.272 0 0 0 0 0 0 0 1 0 1 0 
Sat Aug 11 2018 14:40:36 -0.2754 -11.978 -1.69426 -2.81404 4.2147 -266.036 0 0 0 0 0 0 0 1 0 1 0 
Sat Aug 11 2018 14:40:38 -0.2773 -11.441 -1.73337 -2.79934 5.6516 -265.544 0 0 0 0 0 0 0 1 0 1 0 
Sat Aug 11 2018 14:40:39 -0.278 -11.1678 -1.75231 -2.79205 6.3708 -265.289 0 0 0 0 0 0 0 1 0 1 0 
Sat Aug 11 2018 14:40:41 -0.2793 -10.6128 -1.78888 -2.77735 7.8094 -264.761 0 0 0 0 0 0 0 1 0 1 0 
Sat Aug 11 2018 14:40:42 -0.2798 -10.3313 -1.80648 -2.77005 8.5281 -264.488 0 0 0 0 0 0 0 1 0 1 0 
Sat Aug 11 2018 14:40:44 -0.2807 -9.7606 -1.84027 -2.75535 9.9634 -263.926 0 0 0 0 0 0 0 1 0 1 0 
Sat Aug 11 2018 14:40:45 -0.281 -9.4716 -1.85645 -2.74795 10.6796 -263.636 0 0 0 0 0 0 0 1 0 1 0 
Sat Aug 11 2018 14:40:47 -0.2816 -8.8868 -1.88737 -2.73335 12.108 -263.039 0 0 0 0 0 0 0 1 0 1 0 
Sat Aug 11 2018 14:40:48 -0.2819 -8.591 -1.90212 -2.72595 12.8201 -262.733 0 0 0 0 0 0 0 1 0 1 0 
Sat Aug 11 2018 14:40:50 -0.2823 -7.993 -1.93021 -2.71126 14.2391 -262.103 0 0 0 0 0 0 0 1 0 1 0 
Sat Aug 11 2018 14:40:51 -0.2825 -7.6909 -1.94357 -2.70396 14.9459 -261.781 0 0 0 0 0 0 0 1 0 1 0 
Sat Aug 11 2018 14:40:53 -0.2828 -7.0805 -1.96894 -2.68926 16.3535 -261.119 0 0 0 0 0 0 0 1 0 1 0 
Sat Aug 11 2018 14:40:54 -0.2829 -6.7723 -1.98097 -2.68196 17.0542 -260.78 0 0 0 0 0 0 0 1 0 1 0 
Sat Aug 11 2018 14:40:56 -0.2831 -6.15 -2.00377 -2.66726 18.4489 -260.087 0 0 0 0 0 0 0 1 0 1 0 
Sat Aug 11 2018 14:40:57 -0.2832 -5.836 -2.01456 -2.65986 19.1427 -259.732 0 0 0 0 0 0 0 1 0 1 0 
Sat Aug 11 2018 14:40:59 -0.2833 -5.2021 -2.03497 -2.64526 20.5231 -259.008 0 0 0 0 0 0 0 1 0 1 0 
Sat Aug 11 2018 14:41:00 -0.2834 -4.8823 -2.04461 -2.63786 21.2095 -258.638 0 0 0 0 0 0 0 1 0 1 0 
Sat Aug 11 2018 14:41:02 -0.2835 -4.237 -2.06282 -2.62317 22.5746 -257.883 0 0 0 0 0 0 0 1 0 1 0 
Sat Aug 11 2018 14:41:03 -0.2835 -3.9116 -2.07141 -2.61587 23.2532 -257.498 0 0 0 0 0 0 0 1 0 1 0 
Sat Aug 11 2018 14:41:05 -0.2836 -3.2552 -2.08761 -2.60117 24.602 -256.712 0 0 0 0 0 0 0 1 0 1 0 
Sat Aug 11 2018 14:41:06 -0.2836 -2.9241 -2.09524 -2.59387 25.2723 -256.312 0 0 0 0 0 0 0 1 0 1 0 
Sat Aug 11 2018 14:41:08 -0.2837 -2.2566 -2.1096 -2.57917 26.604 -255.497 0 0 0 0 0 0 0 1 0 1 0 
Sat Aug 11 2018 14:41:09 -0.2837 -1.92 -2.11635 -2.57177 27.2655 -255.082 0 0 0 0 0 0 0 1 0 1 0 
Sat Aug 11 2018 14:41:11 -0.2838 -1.2414 -2.12905 -2.55717 28.5795 -254.238 0 0 0 0 0 0 0 1 0 1 0 
Sat Aug 11 2018 14:41:12 -0.2838 -0.8993 -2.13501 -2.54978 29.2319 -253.809 0 0 0 0 0 0 0 1 0 1 0 
Sat Aug 11 2018 14:41:14 -0.2838 -0.2097 -2.1462 -2.53508 30.5273 -252.935 0 0 0 0 0 0 0 1 0 1 0 
Sat Aug 11 2018 14:41:15 -0.2838 0 -2.15145 -2.52778 31.1702 -252.492 0 0 0 0 0 0 0 1 0 1 0 
Sat Aug 11 2018 14:41:17 -0.2839 0 -2.16127 -2.51308 32.4464 -251.59 0 0 0 0 0 0 0 1 0 1 0 
Sat Aug 11 2018 14:41:18 -0.2839 0 -2.16586 -2.50578 33.0795 -251.132 0 0 0 0 0 0 0 1 0 1 0 
Sat Aug 11 2018 14:41:27 -0.1236 0 -2.17085 -2.42539 33.6821 -250.773 0 0 0 0 0 0 0 1 0 1 0 
Sat Aug 11 2018 14:41:28 -0.1145 0 -2.16931 -2.41499 33.4117 -251.007 0 0 0 0 0 0 0 1 0 1 0 
Sat Aug 11 2018 14:41:30 -0.1349 0 -2.16657 -2.3941 32.9139 -251.451 0 0 0 0 0 0 0 1 0 1 0 
Sat Aug 11 2018 14:41:31 -0.1512 0 -2.16512 -2.3837 32.6414 -251.702 0 0 0 0 0 0 0 1 0 1 0 
Sat Aug 11 2018 14:41:53 -0.2478 0 -2.13278 -2.15443 23.6153 -262.498 0 0 0 0 0 0 0 1 0 1 0 
Sat Aug 11 2018 14:41:54 -0.2076 0 -2.1324 -2.14413 23.2364 -263.069 0 0 0 0 0 0 0 1 0 1 0 
Sat Aug 11 2018 14:41:54 -0.1724 0 -2.13221 -2.13383 22.9138 -263.567 0 0 0 0 0 0 0 1 0 1 0 
Sat Aug 11 2018 14:41:56 -0.1455 0 -2.13217 -2.12353 22.6458 -263.989 0 0 0 0 0 0 0 1 0 1 0 
Sat Aug 11 2018 14:41:58 -0.0865 0 -2.13257 -2.09273 22.0851 -264.912 0 0 0 0 0 0 0 1 0 1 0 
Sat Aug 11 2018 14:41:59 -0.0715 0 -2.1328 -2.08253 21.9592 -265.13 0 0 0 0 0 0 0 1 0 1 0 
Sat Aug 11 2018 14:42:01 -0.0754 0 -2.13305 -2.07224 21.8541 -265.316 0 0 0 0 0 0 0 1 0 1 0 
Sat Aug 11 2018 14:42:05 -0.1517 0 -2.13524 -2.03154 21.3187 -266.33 0 0 0 0 0 0 0 1 0 1 0 
Sat Aug 11 2018 14:42:06 -0.1806 0 -2.13762 -2.01124 20.9366 -267.106 0 0 0 0 0 0 0 1 0 1 0 
Sat Aug 11 2018 14:42:08 -0.1924 0 -2.13921 -2.00104 20.7257 -267.552 0 0 0 0 0 0 0 1 0 1 0 
Sat Aug 11 2018 14:42:09 -0.212 0 -2.14328 -1.98085 20.2777 -268.536 0 0 0 0 0 0 0 1 0 1 0 
Sat Aug 11 2018 14:42:15 -0.2383 0 -2.15954 -1.93115 19.0934 -271.406 0 0 0 0 0 0 0 1 0 1 0 
Sat Aug 11 2018 14:42:16 -0.2332 0 -2.1639 -1.92125 18.861 -272.019 0 0 0 0 0 0 0 1 0 1 0 
Sat Aug 11 2018 14:42:18 -0.228 0 -2.17351 -1.90166 18.4237 -273.226 0 0 0 0 0 0 0 1 0 1 0 
Sat Aug 11 2018 14:42:19 -0.2272 0 -2.17879 -1.89196 18.2172 -273.824 0 0 0 0 0 0 0 1 0 1 0 
Sat Aug 11 2018 14:42:21 -0.2177 0 -2.19047 -1.87266 17.8249 -275.015 0 0 0 0 0 0 0 1 0 1 0 
Sat Aug 11 2018 14:42:29 -0.2187 0 -2.25579 -1.78957 16.5256 -279.772 0 0 0 0 0 0 0 1 0 1 0 
Sat Aug 11 2018 14:42:33 -0.2394 -0.3529 -2.30404 -1.75418 16.0098 -282.227 0 0 0 0 0 0 0 1 0 1 0 
Sat Aug 11 2018 14:42:35 -0.2431 -0.6512 -2.33451 -1.73668 15.7713 -283.53 0 0 0 0 0 0 0 1 0 1 0 
Sat Aug 11 2018 14:42:36 -0.2446 -0.8067 -2.35143 -1.72788 15.6593 -284.191 0 0 0 0 0 0 0 1 0 1 0 
Sat Aug 11 2018 14:42:38 -0.2471 -1.1286 -2.38888 -1.71038 15.4507 -285.528 0 0 0 0 0 0 0 1 0 1 0 
Sat Aug 11 2018 14:42:39 -0.2481 -1.2946 -2.40955 -1.70168 15.3545 -286.202 0 0 0 0 0 0 0 1 0 1 0 
Sat Aug 11 2018 14:42:41 -0.2498 -1.6359 -2.45513 -1.68418 15.1788 -287.562 0 0 0 0 0 0 0 1 0 1 0 
Sat Aug 11 2018 14:42:42 -0.2505 -1.8108 -2.48018 -1.67549 15.0995 -288.247 0 0 0 0 0 0 0 1 0 1 0 
Sat Aug 11 2018 14:42:44 -0.2516 -2.1687 -2.53512 -1.65799 14.9583 -289.624 0 0 0 0 0 0 0 1 0 1 0 
Sat Aug 11 2018 14:42:45 -0.252 -2.3514 -2.56511 -1.64929 14.8966 -290.315 0 0 0 0 0 0 0 1 0 1 0 
Sat Aug 11 2018 14:42:47 -0.2528 -2.724 -2.63038 -1.63179 14.791 -291.703 0 0 0 0 0 0 0 1 0 1 0 
Sat Aug 11 2018 14:42:48 -0.2531 -2.9138 -2.6657 -1.62299 14.7472 -292.399 0 0 0 0 0 0 0 1 0 1 0 
Sat Aug 11 2018 14:42:50 -0.2536 -3.2998 -2.74164 -1.60559 14.6779 -293.795 0 0 0 0 0 0 0 1 0 1 0 
Sat Aug 11 2018 14:42:51 -0.2538 -3.4961 -2.78217 -1.5968 14.6524 -294.495 0 0 0 0 0 0 0 1 0 1 0 
Sat Aug 11 2018 14:42:53 -0.2542 -3.8947 -2.86788 -1.5793 14.6197 -295.895 0 0 0 0 0 0 0 1 0 1 0 
Sat Aug 11 2018 14:42:54 -0.2543 -4.097 -2.91277 -1.5706 14.6125 -296.597 0 0 0 0 0 0 0 1 0 1 0 
Sat Aug 11 2018 14:42:56 -0.2545 -4.5076 -3.00564 -1.5531 14.6166 -298 0 0 0 0 0 0 0 1 0 1 0 
Sat Aug 11 2018 14:42:57 -0.2546 -4.7158 -3.05314 -1.5444 14.6279 -298.703 0 0 0 0 0 0 0 1 0 1 0 
Sat Aug 11 2018 14:42:59 -0.2547 -5.138 3.13426 -1.5269 14.669 -300.108 0 0 0 0 0 0 0 1 0 1 0 
Sat Aug 11 2018 14:43:00 -0.2548 -5.3519 3.08655 -1.51821 14.6988 -300.81 0 0 0 0 0 0 0 1 0 1 0 
Sat Aug 11 2018 14:43:02 -0.2549 -5.7854 2.99286 -1.50071 14.7768 -302.214 0 0 0 0 0 0 0 1 0 1 0 
Sat Aug 11 2018 14:43:03 -0.2549 -6.0049 2.94739 -1.49191 14.8251 -302.916 0 0 0 0 0 0 0 1 0 1 0 
Sat Aug 11 2018 14:43:05 -0.255 -6.4494 2.86022 -1.47451 14.9401 -304.318 0 0 0 0 0 0 0 1 0 1 0 
Sat Aug 11 2018 14:43:06 -0.255 -6.6745 2.81885 -1.46571 15.0068 -305.019 0 0 0 0 0 0 0 1 0 1 0 
Sat Aug 11 2018 14:43:08 -0.255 -7.13 2.74109 -1.44821 15.1586 -306.418 0 0 0 0 0 0 0 1 0 1 0 
Sat Aug 11 2018 14:43:09 -0.255 -7.3605 2.70481 -1.43951 15.2437 -307.117 0 0 0 0 0 0 0 1 0 1 0 
Sat Aug 11 2018 14:43:11 -0.2551 -7.8269 2.63756 -1.42202 15.4323 -308.512 0 0 0 0 0 0 0 1 0 1 0 
Sat Aug 11 2018 14:43:12 -0.2551 -8.0628 2.60657 -1.41332 15.5358 -309.208 0 0 0 0 0 0 0 1 0 1 0 
Sat Aug 11 2018 14:43:14 -0.2551 -8.5401 2.54964 -1.39582 15.761 -310.597 0 0 0 0 0 0 0 1 0 1 0 
Sat Aug 11 2018 14:43:15 -0.2551 -8.7814 2.5236 -1.38702 15.8827 -311.291 0 0 0 0 0 0 0 1 0 1 0 
Sat Aug 11 2018 14:43:17 -0.2551 -9.2694 2.47604 -1.36962 16.1444 -312.674 0 0 0 0 0 0 0 1 0 1 0 
Sat Aug 11 2018 14:43:18 -0.255 -9.5161 2.45439 -1.36082 16.2843 -313.364 0 0 0 0 0 0 0 1 0 1 0 
Sat Aug 11 2018 14:43:20 -0.255 -10.0149 2.41496 -1.34333 16.5822 -314.74 0 0 0 0 0 0 0 1 0 1 0 
Sat Aug 11 2018 14:43:21 -0.255 -10.267 2.39705 -1.33463 16.7401 -315.425 0 0 0 0 0 0 0 1 0 1 0 
Sat Aug 11 2018 14:43:23 -0.255 -10.7765 2.3645 -1.31713 17.0741 -316.793 0 0 0 0 0 0 0 1 0 1 0 
Sat Aug 11 2018 14:43:24 -0.255 -11.034 2.34974 -1.30843 17.25 -317.474 0 0 0 0 0 0 0 1 0 1 0 
Sat Aug 11 2018 14:43:26 -0.255 -11.5543 2.32295 -1.29093 17.6197 -318.832 0 0 0 0 0 0 0 1 0 1 0 
Sat Aug 11 2018 14:43:27 -0.255 -11.8171 2.31081 -1.28223 17.8135 -319.509 0 0 0 0 0 0 0 1 0 1 0 
Sat Aug 11 2018 14:43:29 -0.255 -12.3481 2.2888 -1.26474 18.2188 -320.856 0 0 0 0 0 0 0 1 0 1 0 
Sat Aug 11 2018 14:43:30 -0.255 -12.6162 2.27884 -1.25594 18.4302 -321.527 0 0 0 0 0 0 0 1 0 1 0 
Sat Aug 11 2018 14:43:32 -0.2549 -13.158 2.26081 -1.23844 18.8707 -322.864 0 0 0 0 0 0 0 1 0 1 0 
Sat Aug 11 2018 14:43:33 -0.2549 -13.4315 2.25266 -1.22974 19.0997 -323.529 0 0 0 0 0 0 0 1 0 1 0 
Sat Aug 11 2018 14:43:35 -0.2549 -13.9839 2.23795 -1.21224 19.5751 -324.853 0 0 0 0 0 0 0 1 0 1 0 
Sat Aug 11 2018 14:43:36 -0.2549 -14.2628 2.23132 -1.20354 19.8215 -325.512 0 0 0 0 0 0 0 1 0 1 0 
Sat Aug 11 2018 14:43:38 -0.2549 -14.8259 2.21938 -1.18605 20.3315 -326.823 0 0 0 0 0 0 0 1 0 1 0 
Sat Aug 11 2018 14:43:39 -0.2549 -15.1102 2.21403 -1.17735 20.5951 -327.475 0 0 0 0 0 0 0 1 0 1 0 
Sat Aug 11 2018 14:43:41 -0.2548 -15.684 2.20443 -1.15985 21.1393 -328.773 0 0 0 0 0 0 0 1 0 1 0 
Sat Aug 11 2018 14:43:42 -0.2548 -15.9736 2.20015 -1.15105 21.4198 -329.418 0 0 0 0 0 0 0 1 0 1 0 
Sat Aug 11 2018 14:43:44 -0.2548 -16.5582 2.19254 -1.13365 21.9979 -330.7 0 0 0 0 0 0 0 1 0 1 0 
Sat Aug 11 2018 14:43:45 -0.2548 -16.8531 2.18918 -1.12485 22.2953 -331.337 0 0 0 0 0 0 0 1 0 1 0 
Sat Aug 11 2018 14:43:47 -0.2548 -17.4484 2.18326 -1.10736 22.9068 -332.603 0 0 0 0 0 0 0 1 0 1 0 
Sat Aug 11 2018 14:43:48 -0.2548 -17.7487 2.18067 -1.09866 23.2208 -333.233 0 0 0 0 0 0 0 1 0 1 0 
Sat Aug 11 2018 14:43:53 -0.1807 -18.779 2.17428 -1.05866 24.2167 -335.134 0 0 0 0 0 0 0 1 0 1 0 
Sat Aug 11 2018 14:43:55 -0.0826 -18.9393 2.17581 -1.03777 23.874 -334.524 0 0 0 0 0 0 0 1 0 1 0 
Sat Aug 11 2018 14:43:56 -0.0391 -19.0472 2.17628 -1.02737 23.7499 -334.31 0 0 0 0 0 0 0 1 0 1 0 
Sat Aug 11 2018 14:43:58 0.0631 -19.3996 2.17656 -0.99607 23.7097 -334.231 0 0 0 0 0 0 0 1 0 1 0 
Sat Aug 11 2018 14:43:59 0.0893 -19.5035 2.17647 -0.98557 23.7962 -334.363 0 0 0 0 0 0 0 1 0 1 0 
Sat Aug 11 2018 14:44:01 0.1324 -19.6702 2.17634 -0.96477 24.0935 -334.802 0 0 0 0 0 0 0 1 0 1 0 
Sat Aug 11 2018 14:44:02 0.1576 -19.7293 2.17637 -0.95428 24.2983 -335.095 0 0 0 0 0 0 0 1 0 1 0 
Sat Aug 11 2018 14:44:04 0.1867 -19.765 2.1765 -0.94388 24.5457 -335.443 0 0 0 0 0 0 0 1 0 1 0 
Sat Aug 11 2018 14:44:05 0.2385 -19.7475 2.17718 -0.92308 25.185 -336.313 0 0 0 0 0 0 0 1 0 1 0 
Sat Aug 11 2018 14:44:07 0.2793 -19.6056 2.17859 -0.90218 26.0054 -337.384 0 0 0 0 0 0 0 1 0 1 0 
Sat Aug 11 2018 14:44:08 0.296 -19.4906 2.17959 -0.89178 26.4752 -337.978 0 0 0 0 0 0 0 1 0 1 0 
Sat Aug 11 2018 14:44:10 0.3237 -19.1815 2.1822 -0.87089 27.5174 -339.254 0 0 0 0 0 0 0 1 0 1 0 
Sat Aug 11 2018 14:44:11 0.335 -18.9916 2.1838 -0.86049 28.0842 -339.927 0 0 0 0 0 0 0 1 0 1 0 
Sat Aug 11 2018 14:44:13 0.311 -18.7947 2.18556 -0.84999 28.6717 -340.609 0 0 0 0 0 0 0 1 0 1 0 
Sat Aug 11 2018 14:44:14 0.2592 -18.6456 2.18735 -0.83959 29.2331 -341.248 0 0 0 0 0 0 0 1 0 1 0 
Sat Aug 11 2018 14:44:14 0.2052 -18.5656 2.18899 -0.82919 29.7234 -341.794 0 0 0 0 0 0 0 1 0 1 0 
Sat Aug 11 2018 14:44:16 0.1556 -18.5458 2.19042 -0.81869 30.1262 -342.233 0 0 0 0 0 0 0 1 0 1 0 
Sat Aug 11 2018 14:44:25 0.1178 -19.181 2.19448 -0.71441 30.9981 -343.084 0 0 0 0 0 0 0 1 0 1 0 
Sat Aug 11 2018 14:44:27 0.1448 -19.2072 2.19587 -0.70401 31.2377 -343.29 0 0 0 0 0 0 0 1 0 1 0 
Sat Aug 11 2018 14:44:35 0.2979 -18.4049 2.22028 -0.62062 35.2322 -346.395 0 0 0 0 0 0 0 1 0 1 0 
Sat Aug 11 2018 14:44:36 0.2722 -18.2275 2.22436 -0.61012 35.8933 -346.867 0 0 0 0 0 0 0 1 0 1 0 
Sat Aug 11 2018 14:44:38 0.2437 -17.9528 2.23187 -0.58932 37.1059 -347.704 0 0 0 0 0 0 0 1 0 1 0 
Sat Aug 11 2018 14:44:39 0.2317 -17.7274 2.23885 -0.56842 38.2264 -348.443 0 0 0 0 0 0 0 1 0 1 0 
Sat Aug 11 2018 14:44:41 0.2076 -17.629 2.24223 -0.55803 38.765 -348.786 0 0 0 0 0 0 0 1 0 1 0 
Sat Aug 11 2018 14:44:42 0.1688 -17.5608 2.24533 -0.54753 39.257 -349.092 0 0 0 0 0 0 0 1 0 1 0 
Sat Aug 11 2018 14:44:44 0.1445 -17.4976 2.25037 -0.52673 40.0478 -349.566 0 0 0 0 0 0 0 1 0 1 0 
Sat Aug 11 2018 14:44:45 0.1856 -17.4282 2.25521 -0.50583 40.7922 -349.991 0 0 0 0 0 0 0 1 0 1 0 
Sat Aug 11 2018 14:44:47 0.2123 -17.3598 2.25811 -0.49543 41.2341 -350.234 0 0 0 0 0 0 0 1 0 1 0 
Sat Aug 11 2018 14:44:48 0.2586 -17.1324 2.26519 -0.47454 42.3062 -350.803 0 0 0 0 0 0 0 1 0 1 0 
Sat Aug 11 2018 14:44:50 0.2947 -16.7844 2.27375 -0.45374 43.6036 -351.459 0 0 0 0 0 0 0 1 0 1 0 
Sat Aug 11 2018 14:44:51 0.3095 -16.5689 2.27848 -0.44324 44.323 -351.809 0 0 0 0 0 0 0 1 0 1 0 
Sat Aug 11 2018 14:44:53 0.334 -16.0647 2.28865 -0.42244 45.8788 -352.536 0 0 0 0 0 0 0 1 0 1 0 
Sat Aug 11 2018 14:44:54 0.344 -15.78 2.29403 -0.41194 46.707 -352.907 0 0 0 0 0 0 0 1 0 1 0 
Sat Aug 11 2018 14:44:56 0.3606 -15.155 2.30523 -0.39115 48.4468 -353.655 0 0 0 0 0 0 0 1 0 1 0 
Sat Aug 11 2018 14:44:57 0.3674 -14.8181 2.311 -0.38065 49.3527 -354.028 0 0 0 0 0 0 0 1 0 1 0 
Sat Aug 11 2018 14:44:59 0.3786 -14.1028 2.32282 -0.35985 51.2252 -354.764 0 0 0 0 0 0 0 1 0 1 0 
Sat Aug 11 2018 14:45:00 0.3832 -13.727 2.32882 -0.34935 52.1877 -355.126 0 0 0 0 0 0 0 1 0 1 0 
Sat Aug 11 2018 14:45:02 0.3908 -12.9449 2.34099 -0.32855 54.1572 -355.83 0 0 0 0 0 0 0 1 0 1 0 
Sat Aug 11 2018 14:45:03 0.3939 -12.5404 2.34712 -0.31816 55.1614 -356.171 0 0 0 0 0 0 0 1 0 1 0 
Sat Aug 11 2018 14:45:05 0.3991 -11.7085 2.35947 -0.29726 57.203 -356.83 0 0 0 0 0 0 0 1 0 1 0 
Sat Aug 11 2018 14:45:06 0.4012 -11.2825 2.36566 -0.28686 58.2384 -357.146 0 0 0 0 0 0 0 1 0 1 0 
Sat Aug 11 2018 14:45:08 0.4047 -10.413 2.37807 -0.26596 60.3343 -357.75 0 0 0 0 0 0 0 1 0 1 0 
Sat Aug 11 2018 14:45:09 0.4061 -9.9705 2.38428 -0.25556 61.3935 -358.038 0 0 0 0 0 0 0 1 0 1 0 
Sat Aug 11 2018 14:45:11 0.4084 -9.072 2.3967 -0.23467 63.531 -358.582 0 0 0 0 0 0 0 1 0 1 0 
Sat Aug 11 2018 14:45:12 0.4094 -8.6165 2.4029 -0.22427 64.6083 -358.839 0 0 0 0 0 0 0 1 0 1 0 
Sat Aug 11 2018 14:45:14 0.411 -7.6947 2.41528 -0.20337 66.7779 -359.319 0 0 0 0 0 0 0 1 0 1 0 
Sat Aug 11 2018 14:45:15 0.4116 -7.2288 2.42145 -0.19297 67.8694 -359.543 0 0 0 0 0 0 0 1 0 1 0 
Sat Aug 11 2018 14:45:17 0.4127 -6.2878 2.43377 -0.17207 70.0639 -359.957 0 0 0 0 0 0 0 1 0 1 0 
Sat Aug 11 2018 14:45:18 0.4131 -5.813 2.43991 -0.16167 71.1663 -360.147 0 0 0 0 0 0 0 1 0 1 0 
Sat Aug 11 2018 14:45:20 0.4139 -4.8554 2.45216 -0.14078 73.38 -360.493 0 0 0 0 0 0 0 1 0 1 0 
Sat Aug 11 2018 14:45:21 0.4142 -4.3729 2.45826 -0.13038 74.4909 -360.649 0 0 0 0 0 0 0 1 0 1 0 
Sat Aug 11 2018 14:45:23 0.4146 -3.4007 2.47043 -0.10948 76.7194 -360.926 0 0 0 0 0 0 0 1 0 1 0 
Sat Aug 11 2018 14:45:24 0.4148 -2.9113 2.4765 -0.09908 77.8366 -361.047 0 0 0 0 0 0 0 1 0 1 0 
Sat Aug 11 2018 14:45:26 0.4152 -1.9258 2.48859 -0.07819 80.076 -361.255 0 0 0 0 0 0 0 1 0 1 0 
Sat Aug 11 2018 14:45:27 0.4153 -1.4298 2.49461 -0.06779 81.1979 -361.341 0 0 0 0 0 0 0 1 0 1 0 
Sat Aug 11 2018 14:45:29 0.4155 -0.4319 2.50663 -0.04689 83.4449 -361.478 0 0 0 0 0 0 0 1 0 1 0 
Sat Aug 11 2018 14:45:35 0.3707 0 2.53638 0.005199 89.0621 -361.614 0 0 0 0 0 0 0 1 0 1 0 
Sat Aug 11 2018 14:45:36 0.2903 0 2.54172 0.015698 90.0757 -361.607 0 0 0 0 0 0 0 1 0 1 0 
Sat Aug 11 2018 14:45:40 0.0082 0 2.53746 0.057392 89.279 -361.622 0 0 0 0 0 0 0 1 0 1 0 
Sat Aug 11 2018 14:45:42 -0.1288 0 2.53901 0.088688 89.5287 -361.59 0 0 0 0 0 0 0 1 0 1 0 
Sat Aug 11 2018 14:45:43 -0.1638 0 2.54098 0.099087 89.8603 -361.557 0 0 0 0 0 0 0 1 0 1 0 
Sat Aug 11 2018 14:45:45 -0.2216 0 2.54666 0.119984 90.8078 -361.451 0 0 0 0 0 0 0 1 0 1 0 
Sat Aug 11 2018 14:45:46 -0.2379 0 2.55022 0.130383 91.3976 -361.377 0 0 0 0 0 0 0 1 0 1 0 
Sat Aug 11 2018 14:45:48 -0.2453 0 2.55409 0.140782 92.0349 -361.291 0 0 0 0 0 0 0 1 0 1 0 
Sat Aug 11 2018 14:45:49 -0.2536 0 2.56226 0.161679 93.3756 -361.087 0 0 0 0 0 0 0 1 0 1 0 
Sat Aug 11 2018 14:45:51 -0.2447 0 2.56646 0.172078 94.06 -360.973 0 0 0 0 0 0 0 1 0 1 0 
Sat Aug 11 2018 14:45:55 -0.1558 0 2.58433 0.224271 96.9298 -360.401 0 0 0 0 0 0 0 1 0 1 0 
Sat Aug 11 2018 14:45:57 -0.1527 0 2.5871 0.23467 97.3653 -360.299 0 0 0 0 0 0 0 1 0 1 0 
Sat Aug 11 2018 14:45:58 -0.1757 0 2.59263 0.255568 98.2245 -360.082 0 0 0 0 0 0 0 1 0 1 0 
Sat Aug 11 2018 14:46:00 -0.1986 0 2.5989 0.276465 99.1854 -359.818 0 0 0 0 0 0 0 1 0 1 0 
Sat Aug 11 2018 14:46:01 -0.2082 0 2.60234 0.286864 99.7078 -359.667 0 0 0 0 0 0 0 1 0 1 0 
Sat Aug 11 2018 14:46:03 -0.2241 0 2.60974 0.307761 100.822 -359.325 0 0 0 0 0 0 0 1 0 1 0 
Sat Aug 11 2018 14:46:04 -0.2279 0 2.61365 0.31816 101.407 -359.136 0 0 0 0 0 0 0 1 0 1 0 
Sat Aug 11 2018 14:46:06 -0.2283 0 2.61765 0.328558 102 -358.937 0 0 0 0 0 0 0 1 0 1 0 
Sat Aug 11 2018 14:46:07 -0.2279 0 2.62572 0.349456 103.189 -358.518 0 0 0 0 0 0 0 1 0 1 0 
Sat Aug 11 2018 14:46:09 -0.2221 0 2.62976 0.359854 103.779 -358.3 0 0 0 0 0 0 0 1 0 1 0 
Sat Aug 11 2018 14:46:11 -0.2025 -0.0537 2.63752 0.380752 104.903 -357.864 0 0 0 0 0 0 0 1 0 1 0 
Sat Aug 11 2018 14:46:12 -0.1907 -0.2847 2.64474 0.401649 105.932 -357.439 0 0 0 0 0 0 0 1 0 1 0 
Sat Aug 11 2018 14:46:14 -0.1893 -0.3954 2.64821 0.412048 106.423 -357.227 0 0 0 0 0 0 0 1 0 1 0 
Sat Aug 11 2018 14:46:15 -0.1884 -0.5059 2.65165 0.422447 106.904 -357.013 0 0 0 0 0 0 0 1 0 1 0 
Sat Aug 11 2018 14:46:23 -0.1847 -1.5534 2.68245 0.516335 111.054 -354.903 0 0 0 0 0 0 0 1 0 1 0 
Sat Aug 11 2018 14:46:24 -0.1845 -1.6771 2.68588 0.526734 111.498 -354.647 0 0 0 0 0 0 0 1 0 1 0 
Sat Aug 11 2018 14:46:26 -0.1842 -1.9293 2.69276 0.547631 112.377 -354.122 0 0 0 0 0 0 0 1 0 1 0 
Sat Aug 11 2018 14:46:27 -0.1841 -2.0579 2.69621 0.55803 112.811 -353.853 0 0 0 0 0 0 0 1 0 1 0 
Sat Aug 11 2018 14:46:33 -0.1835 -2.8645 2.717 0.620622 115.352 -352.149 0 0 0 0 0 0 0 1 0 1 0 
Sat Aug 11 2018 14:46:34 -0.1834 -3.005 2.72049 0.631121 115.764 -351.851 0 0 0 0 0 0 0 1 0 1 0 
Sat Aug 11 2018 14:46:36 -0.1833 -3.2911 2.72747 0.651918 116.578 -351.24 0 0 0 0 0 0 0 1 0 1 0 
Sat Aug 11 2018 14:46:37 -0.1833 -3.4367 2.73098 0.662417 116.981 -350.929 0 0 0 0 0 0 0 1 0 1 0 
Sat Aug 11 2018 14:46:39 -0.1832 -3.7333 2.738 0.683214 117.775 -350.294 0 0 0 0 0 0 0 1 0 1 0 
Sat Aug 11 2018 14:46:40 -0.1831 -3.8843 2.74152 0.693713 118.167 -349.971 0 0 0 0 0 0 0 1 0 1 0 
Sat Aug 11 2018 14:46:42 -0.1831 -4.1915 2.74857 0.71451 118.94 -349.312 0 0 0 0 0 0 0 1 0 1 0 
Sat Aug 11 2018 14:46:43 -0.1831 -4.3477 2.7521 0.725009 119.322 -348.976 0 0 0 0 0 0 0 1 0 1 0 
Sat Aug 11 2018 14:46:45 -0.183 -4.6655 2.75919 0.745806 120.074 -348.294 0 0 0 0 0 0 0 1 0 1 0 
Sat Aug 11 2018 14:46:46 -0.183 -4.8271 2.76274 0.756205 120.445 -347.947 0 0 0 0 0 0 0 1 0 1 0 
Sat Aug 11 2018 14:46:48 -0.1829 -5.1555 2.76986 0.777102 121.175 -347.241 0 0 0 0 0 0 0 1 0 1 0 
Sat Aug 11 2018 14:46:49 -0.1829 -5.3224 2.77342 0.787501 121.534 -346.883 0 0 0 0 0 0 0 1 0 1 0 
Sat Aug 11 2018 14:46:51 -0.1829 -5.6616 2.78057 0.808398 122.242 -346.155 0 0 0 0 0 0 0 1 0 1 0 
Sat Aug 11 2018 14:46:52 -0.1829 -5.8338 2.78415 0.818797 122.59 -345.786 0 0 0 0 0 0 0 1 0 1 0 
Sat Aug 11 2018 14:46:54 -0.1828 -6.1837 2.79132 0.839694 123.274 -345.036 0 0 0 0 0 0 0 1 0 1 0 
Sat Aug 11 2018 14:46:55 -0.1828 -6.3613 2.79491 0.850093 123.61 -344.656 0 0 0 0 0 0 0 1 0 1 0 
Sat Aug 11 2018 14:46:57 -0.1828 -6.7218 2.80211 0.870991 124.27 -343.886 0 0 0 0 0 0 0 1 0 1 0 
Sat Aug 11 2018 14:46:58 -0.1828 -6.9048 2.80572 0.881389 124.594 -343.496 0 0 0 0 0 0 0 1 0 1 0 
Sat Aug 11 2018 14:47:00 -0.1828 -7.2761 2.81294 0.902287 125.229 -342.705 0 0 0 0 0 0 0 1 0 1 0 
Sat Aug 11 2018 14:47:01 -0.1828 -7.4644 2.81656 0.912685 125.541 -342.305 0 0 0 0 0 0 0 1 0 1 0 
Sat Aug 11 2018 14:47:03 -0.1827 -7.8463 2.82381 0.933583 126.151 -341.496 0 0 0 0 0 0 0 1 0 1 0 
Sat Aug 11 2018 14:47:04 -0.1827 -8.04 2.82743 0.943981 126.45 -341.086 0 0 0 0 0 0 0 1 0 1 0 
Sat Aug 11 2018 14:47:06 -0.1827 -8.4327 2.8347 0.964879 127.035 -340.258 0 0 0 0 0 0 0 1 0 1 0 
Sat Aug 11 2018 14:47:07 -0.1827 -8.6318 2.83834 0.975277 127.321 -339.839 0 0 0 0 0 0 0 1 0 1 0 
Sat Aug 11 2018 14:47:09 -0.1827 -9.0352 2.84563 0.996175 127.879 -338.993 0 0 0 0 0 0 0 1 0 1 0 
Sat Aug 11 2018 14:47:10 -0.1827 -9.2396 2.84928 1.00657 128.151 -338.566 0 0 0 0 0 0 0 1 0 1 0 
Sat Aug 11 2018 14:47:12 -0.1826 -9.6538 2.85658 1.02747 128.683 -337.703 0 0 0 0 0 0 0 1 0 1 0 
Sat Aug 11 2018 14:47:13 -0.1826 -9.8635 2.86024 1.03787 128.942 -337.267 0 0 0 0 0 0 0 1 0 1 0 
Sat Aug 11 2018 14:47:15 -0.1826 -10.2884 2.86756 1.05877 129.446 -336.388 0 0 0 0 0 0 0 1 0 1 0 
Sat Aug 11 2018 14:47:16 -0.1826 -10.5035 2.87122 1.06917 129.691 -335.945 0 0 0 0 0 0 0 1 0 1 0 
Sat Aug 11 2018 14:47:18 -0.1826 -10.9392 2.87856 1.09006 130.167 -335.051 0 0 0 0 0 0 0 1 0 1 0 
Sat Aug 11 2018 14:47:19 -0.1825 -11.1596 2.88223 1.10046 130.398 -334.6 0 0 0 0 0 0 0 1 0 1 0 
Sat Aug 11 2018 14:47:21 -0.1825 -11.606 2.88958 1.12136 130.846 -333.691 0 0 0 0 0 0 0 1 0 1 0 
Sat Aug 11 2018 14:47:22 -0.1825 -11.8318 2.89326 1.13176 131.063 -333.234 0 0 0 0 0 0 0 1 0 1 0 
Sat Aug 11 2018 14:47:24 -0.1825 -12.2889 2.90062 1.15266 131.482 -332.312 0 0 0 0 0 0 0 1 0 1 0 
Sat Aug 11 2018 14:47:25 -0.1825 -12.5201 2.9043 1.16305 131.684 -331.848 0 0 0 0 0 0 0 1 0 1 0 
Sat Aug 11 2018 14:47:27 -0.1825 -12.9879 2.91167 1.18395 132.074 -330.913 0 0 0 0 0 0 0 1 0 1 0 
Sat Aug 11 2018 14:47:28 -0.1825 -13.2245 2.91536 1.19435 132.262 -330.443 0 0 0 0 0 0 0 1 0 1 0 
Sat Aug 11 2018 14:47:30 -0.1824 -13.7031 2.92274 1.21525 132.623 -329.497 0 0 0 0 0 0 0 1 0 1 0 
Sat Aug 11 2018 14:47:31 -0.1824 -13.945 2.92643 1.22565 132.795 -329.021 0 0 0 0 0 0 0 1 0 1 0 
Sat Aug 11 2018 14:47:33 -0.1824 -14.4343 2.93382 1.24654 133.126 -328.065 0 0 0 0 0 0 0 1 0 1 0 
Sat Aug 11 2018 14:47:34 -0.1824 -14.6816 2.93752 1.25694 133.284 -327.584 0 0 0 0 0 0 0 1 0 1 0 
Sat Aug 11 2018 14:47:36 -0.1824 -15.1816 2.94491 1.27784 133.584 -326.617 0 0 0 0 0 0 0 1 0 1 0 
Sat Aug 11 2018 14:47:37 -0.1824 -15.4343 2.94861 1.28824 133.727 -326.132 0 0 0 0 0 0 0 1 0 1 0 
Sat Aug 11 2018 14:47:39 -0.1823 -15.945 2.95601 1.30914 133.997 -325.157 0 0 0 0 0 0 0 1 0 1 0 
Sat Aug 11 2018 14:47:40 -0.1823 -16.203 2.95971 1.31953 134.124 -324.667 0 0 0 0 0 0 0 1 0 1 0 
Sat Aug 11 2018 14:47:42 -0.1823 -16.7245 2.96711 1.34043 134.364 -323.684 0 0 0 0 0 0 0 1 0 1 0 
Sat Aug 11 2018 14:47:43 -0.1823 -16.9879 2.97082 1.35083 134.476 -323.191 0 0 0 0 0 0 0 1 0 1 0 
Sat Aug 11 2018 14:47:45 -0.1823 -17.5201 2.97822 1.37173 134.684 -322.201 0 0 0 0 0 0 0 1 0 1 0 
Sat Aug 11 2018 14:47:46 -0.1823 -17.7888 2.98192 1.38213 134.781 -321.705 0 0 0 0 0 0 0 1 0 1 0 
Sat Aug 11 2018 14:47:48 -0.1822 -18.3318 2.98933 1.40302 134.958 -320.709 0 0 0 0 0 0 0 1 0 1 0 
Sat Aug 11 2018 14:47:49 -0.1822 -18.6059 2.99303 1.41342 135.039 -320.21 0 0 0 0 0 0 0 1 0 1 0 
Sat Aug 11 2018 14:47:51 -0.1572 -18.7967 2.99332 1.42382 135.041 -320.171 0 0 0 0 0 0 0 1 0 1 0 
Sat Aug 11 2018 14:47:52 -0.0674 -19.0875 2.98884 1.44472 134.945 -320.775 0 0 0 0 0 0 0 1 0 1 0 
Sat Aug 11 2018 14:47:54 -0.0259 -19.2549 2.98734 1.45512 134.915 -320.977 0 0 0 0 0 0 0 1 0 1 0 
Sat Aug 11 2018 14:47:56 0.0435 -19.6024 2.9867 1.47601 134.896 -321.064 0 0 0 0 0 0 0 1 0 1 0 
Sat Aug 11 2018 14:47:57 0.0972 -19.9226 2.98877 1.49681 134.913 -320.78 0 0 0 0 0 0 0 1 0 1 0 
Sat Aug 11 2018 14:47:59 0.1193 -20.0631 2.99063 1.50731 134.928 -320.525 0 0 0 0 0 0 0 1 0 1 0 
Sat Aug 11 2018 14:48:03 0.2423 -20.4619 3.00696 1.5594 134.997 -318.285 0 0 0 0 0 0 0 1 0 1 0 
Sat Aug 11 2018 14:48:05 0.2823 -20.4184 3.01694 1.5803 134.998 -316.916 0 0 0 0 0 0 0 1 0 1 0 
Sat Aug 11 2018 14:48:06 0.2987 -20.3529 3.02252 1.5907 134.988 -316.15 0 0 0 0 0 0 0 1 0 1 0 
Sat Aug 11 2018 14:48:15 0.0634 -20.2518 3.06097 1.67419 134.693 -310.882 0 0 0 0 0 0 0 1 0 1 0 
Sat Aug 11 2018 14:48:17 0.0217 -20.5148 3.06315 1.69509 134.653 -310.585 0 0 0 0 0 0 0 1 0 1 0 
Sat Aug 11 2018 14:48:18 0.0569 -20.6457 3.06373 1.70549 134.639 -310.505 0 0 0 0 0 0 0 1 0 1 0 
Sat Aug 11 2018 14:48:18 0.0972 -20.7661 3.06481 1.71589 134.615 -310.357 0 0 0 0 0 0 0 1 0 1 0 
Sat Aug 11 2018 14:48:20 0.1351 -20.867 3.06662 1.72638 134.574 -310.108 0 0 0 0 0 0 0 1 0 1 0 
Sat Aug 11 2018 14:48:20 0.1692 -20.9416 3.06917 1.73678 134.515 -309.759 0 0 0 0 0 0 0 1 0 1 0 
Sat Aug 11 2018 14:48:22 0.2258 -20.9982 3.07624 1.75768 134.34 -308.792 0 0 0 0 0 0 0 1 0 1 0 
Sat Aug 11 2018 14:48:24 0.2695 -20.927 3.08545 1.77848 134.088 -307.535 0 0 0 0 0 0 0 1 0 1 0 
Sat Aug 11 2018 14:48:25 0.2875 -20.8458 3.0907 1.78898 133.934 -306.822 0 0 0 0 0 0 0 1 0 1 0 
Sat Aug 11 2018 14:48:27 0.3171 -20.6013 3.10224 1.80977 133.571 -305.259 0 0 0 0 0 0 0 1 0 1 0 
Sat Aug 11 2018 14:48:30 0.1832 -20.3264 3.11901 1.84107 132.988 -303.004 0 0 0 0 0 0 0 1 0 1 0 
Sat Aug 11 2018 14:48:32 0.09 -20.4123 3.12575 1.86197 132.726 -302.102 0 0 0 0 0 0 0 1 0 1 0 
Sat Aug 11 2018 14:48:33 0.0505 -20.4979 3.12773 1.87236 132.643 -301.838 0 0 0 0 0 0 0 1 0 1 0 
Sat Aug 11 2018 14:48:35 0.0513 -20.5932 3.12899 1.88276 132.586 -301.672 0 0 0 0 0 0 0 1 0 1 0 
Sat Aug 11 2018 14:48:36 0.1211 -20.7606 3.13173 1.90366 132.457 -301.306 0 0 0 0 0 0 0 1 0 1 0 
Sat Aug 11 2018 14:48:38 0.1561 -20.8142 3.13399 1.91406 132.349 -301.006 0 0 0 0 0 0 0 1 0 1 0 
Sat Aug 11 2018 14:48:39 0.2155 -20.8333 3.14047 1.93496 132.028 -300.148 0 0 0 0 0 0 0 1 0 1 0 
Sat Aug 11 2018 14:48:41 0.2615 -20.725 -3.13404 1.95586 131.578 -299.007 0 0 0 0 0 0 0 1 0 1 0 
Sat Aug 11 2018 14:48:42 0.2804 -20.6244 -3.12904 1.96625 131.308 -298.352 0 0 0 0 0 0 0 1 0 1 0 
Sat Aug 11 2018 14:48:47 0.2485 -20.0825 -3.10688 1.99905 130.046 -295.484 0 0 0 0 0 0 0 1 0 1 0 
Sat Aug 11 2018 14:48:48 0.2107 -20.0042 -3.10194 2.00045 129.757 -294.852 0 0 0 0 0 0 0 1 0 1 0 
Sat Aug 11 2018 14:48:50 0.1104 -19.9818 -3.09429 2.00045 129.308 -293.878 0 0 0 0 0 0 0 1 0 1 0 
Sat Aug 11 2018 14:48:51 0.0866 -20.0238 -3.09183 1.99865 129.164 -293.567 0 0 0 0 0 0 0 1 0 1 0 
Sat Aug 11 2018 14:48:55 0.1244 -20.1998 -3.08411 1.98925 128.712 -292.593 0 0 0 0 0 0 0 1 0 1 0 
Sat Aug 11 2018 14:49:08 0.1517 -18.4509 -3.01184 1.86997 125.352 -283.644 0 0 0 0 0 0 0 1 0 1 0 
Sat Aug 11 2018 14:49:10 0.0949 -18.4345 -3.00826 1.85957 125.218 -283.204 0 0 0 0 0 0 0 1 0 1 0 
Sat Aug 11 2018 14:49:14 0.0573 -18.5845 -3.00456 1.80737 125.071 -282.753 0 0 0 0 0 0 0 1 0 1 0 
Sat Aug 11 2018 14:49:16 0.0856 -18.604 -3.00346 1.79698 125.036 -282.618 0 0 0 0 0 0 0 1 0 1 0 
Sat Aug 11 2018 14:49:17 0.1508 -18.594 -2.99926 1.77618 124.918 -282.099 0 0 0 0 0 0 0 1 0 1 0 
Sat Aug 11 2018 14:49:19 0.2107 -18.4786 -2.99223 1.75528 124.744 -281.228 0 0 0 0 0 0 0 1 0 1 0 
Sat Aug 11 2018 14:49:20 0.2357 -18.3737 -2.98774 1.74488 124.643 -280.671 0 0 0 0 0 0 0 1 0 1 0 
Sat Aug 11 2018 14:49:22 0.277 -18.0698 -2.97717 1.72398 124.427 -279.355 0 0 0 0 0 0 0 1 0 1 0 
Sat Aug 11 2018 14:49:23 0.294 -17.8734 -2.97121 1.71359 124.317 -278.611 0 0 0 0 0 0 0 1 0 1 0 
Sat Aug 11 2018 14:49:25 0.2908 -17.6566 -2.96493 1.70319 124.209 -277.826 0 0 0 0 0 0 0 1 0 1 0 
Sat Aug 11 2018 14:49:29 0.1949 -16.9665 -2.942 1.66139 123.887 -274.94 0 0 0 0 0 0 0 1 0 1 0 
Sat Aug 11 2018 14:49:30 0.1375 -16.8791 -2.93767 1.65099 123.84 -274.39 0 0 0 0 0 0 0 1 0 1 0 
Sat Aug 11 2018 14:49:50 0.1096 -15.8923 -2.88978 1.43202 123.982 -268.102 0 0 0 0 0 0 0 1 0 1 0 
Sat Aug 11 2018 14:49:51 0.1097 -15.8239 -2.88757 1.42162 124.024 -267.8 0 0 0 0 0 0 0 1 0 1 0 
Sat Aug 11 2018 14:49:57 0.1103 -15.3742 -2.87462 1.35903 124.345 -265.991 0 0 0 0 0 0 0 1 0 1 0 
Sat Aug 11 2018 14:49:58 0.1104 -15.2927 -2.87251 1.34863 124.41 -265.691 0 0 0 0 0 0 0 1 0 1 0 
Sat Aug 11 2018 14:50:00 0.1105 -15.1244 -2.86833 1.32783 124.548 -265.092 0 0 0 0 0 0 0 1 0 1 0 
Sat Aug 11 2018 14:50:01 0.1105 -15.0374 -2.86626 1.31734 124.622 -264.794 0 0 0 0 0 0 0 1 0 1 0 
Sat Aug 11 2018 14:50:03 0.1105 -14.8582 -2.86218 1.29654 124.78 -264.199 0 0 0 0 0 0 0 1 0 1 0 
Sat Aug 11 2018 14:50:04 0.1106 -14.7658 -2.86017 1.28604 124.864 -263.903 0 0 0 0 0 0 0 1 0 1 0 
Sat Aug 11 2018 14:50:06 0.1106 -14.5756 -2.8562 1.26524 125.04 -263.313 0 0 0 0 0 0 0 1 0 1 0 
Sat Aug 11 2018 14:50:07 0.1106 -14.4778 -2.85424 1.25484 125.133 -263.019 0 0 0 0 0 0 0 1 0 1 0 
Sat Aug 11 2018 14:50:09 0.1106 -14.2768 -2.85038 1.23395 125.328 -262.435 0 0 0 0 0 0 0 1 0 1 0 
Sat Aug 11 2018 14:50:10 0.1106 -14.1736 -2.84848 1.22355 125.43 -262.144 0 0 0 0 0 0 0 1 0 1 0 
Sat Aug 11 2018 14:50:12 0.1106 -13.9618 -2.84474 1.20265 125.643 -261.566 0 0 0 0 0 0 0 1 0 1 0 
Sat Aug 11 2018 14:50:13 0.1106 -13.8532 -2.8429 1.19225 125.754 -261.279 0 0 0 0 0 0 0 1 0 1 0 
Sat Aug 11 2018 14:50:15 0.1106 -13.6306 -2.83928 1.17135 125.985 -260.708 0 0 0 0 0 0 0 1 0 1 0 
Sat Aug 11 2018 14:50:16 0.1106 -13.5166 -2.8375 1.16095 126.105 -260.425 0 0 0 0 0 0 0 1 0 1 0 
Sat Aug 11 2018 14:50:18 0.1106 -13.2832 -2.83401 1.14006 126.354 -259.861 0 0 0 0 0 0 0 1 0 1 0 
Sat Aug 11 2018 14:50:19 0.1106 -13.1638 -2.83229 1.12966 126.483 -259.582 0 0 0 0 0 0 0 1 0 1 0 
Sat Aug 11 2018 14:50:21 0.1106 -12.9197 -2.82893 1.10886 126.75 -259.026 0 0 0 0 0 0 0 1 0 1 0 
Sat Aug 11 2018 14:50:22 0.1106 -12.7949 -2.82729 1.09836 126.887 -258.751 0 0 0 0 0 0 0 1 0 1 0 
Sat Aug 11 2018 14:50:24 0.1106 -12.54 -2.82406 1.07756 127.171 -258.205 0 0 0 0 0 0 0 1 0 1 0 
Sat Aug 11 2018 14:50:25 0.1105 -12.4098 -2.82248 1.06707 127.317 -257.934 0 0 0 0 0 0 0 1 0 1 0 
Sat Aug 11 2018 14:50:27 0.1105 -12.1441 -2.81939 1.04627 127.618 -257.397 0 0 0 0 0 0 0 1 0 1 0 
Sat Aug 11 2018 14:50:28 0.1105 -12.0086 -2.81788 1.03587 127.772 -257.13 0 0 0 0 0 0 0 1 0 1 0 
Sat Aug 11 2018 14:50:30 0.1105 -11.7322 -2.81493 1.01497 128.09 -256.603 0 0 0 0 0 0 0 1 0 1 0 
Sat Aug 11 2018 14:50:31 0.1105 -11.5913 -2.81349 1.00457 128.252 -256.342 0 0 0 0 0 0 0 1 0 1 0 
Sat Aug 11 2018 14:50:33 0.1105 -11.304 -2.81068 0.983676 128.586 -255.825 0 0 0 0 0 0 0 1 0 1 0 
Sat Aug 11 2018 14:50:34 0.1105 -11.1578 -2.80931 0.973278 128.757 -255.569 0 0 0 0 0 0 0 1 0 1 0 
Sat Aug 11 2018 14:50:36 0.1104 -10.8598 -2.80665 0.95238 129.106 -255.063 0 0 0 0 0 0 0 1 0 1 0 
Sat Aug 11 2018 14:50:37 0.1104 -10.7081 -2.80535 0.941982 129.285 -254.813 0 0 0 0 0 0 0 1 0 1 0 
Sat Aug 11 2018 14:50:39 0.1104 -10.3994 -2.80283 0.921184 129.65 -254.318 0 0 0 0 0 0 0 1 0 1 0 
Sat Aug 11 2018 14:50:40 0.1104 -10.2424 -2.8016 0.910686 129.836 -254.074 0 0 0 0 0 0 0 1 0 1 0 
Sat Aug 11 2018 14:50:42 0.1104 -9.9229 -2.79923 0.889888 130.217 -253.591 0 0 0 0 0 0 0 1 0 1 0 
Sat Aug 11 2018 14:50:43 0.1104 -9.7605 -2.79808 0.879389 130.411 -253.352 0 0 0 0 0 0 0 1 0 1 0 
Sat Aug 11 2018 14:50:45 0.1103 -9.4302 -2.79585 0.858592 130.806 -252.882 0 0 0 0 0 0 0 1 0 1 0 
Sat Aug 11 2018 14:50:46 0.1103 -9.2624 -2.79477 0.848193 131.007 -252.65 0 0 0 0 0 0 0 1 0 1 0 
Sat Aug 11 2018 14:50:48 0.1103 -8.9214 -2.79268 0.827296 131.417 -252.192 0 0 0 0 0 0 0 1 0 1 0 
Sat Aug 11 2018 14:50:49 0.1103 -8.7483 -2.79168 0.816897 131.625 -251.966 0 0 0 0 0 0 0 1 0 1 0 
Sat Aug 11 2018 14:50:51 0.1103 -8.3965 -2.78974 0.796 132.049 -251.521 0 0 0 0 0 0 0 1 0 1 0 
Sat Aug 11 2018 14:50:52 0.1103 -8.218 -2.78881 0.785601 132.264 -251.302 0 0 0 0 0 0 0 1 0 1 0 
Sat Aug 11 2018 14:50:54 0.1102 -7.8555 -2.78702 0.764704 132.701 -250.871 0 0 0 0 0 0 0 1 0 1 0 
Sat Aug 11 2018 14:50:55 0.1102 -7.6715 -2.78616 0.754305 132.923 -250.659 0 0 0 0 0 0 0 1 0 1 0 
Sat Aug 11 2018 14:50:57 0.1102 -7.2983 -2.78452 0.733408 133.374 -250.242 0 0 0 0 0 0 0 1 0 1 0 
Sat Aug 11 2018 14:50:58 0.1102 -7.109 -2.78373 0.723009 133.602 -250.038 0 0 0 0 0 0 0 1 0 1 0 
Sat Aug 11 2018 14:51:00 0.1102 -6.725 -2.78223 0.702212 134.065 -249.635 0 0 0 0 0 0 0 1 0 1 0 
Sat Aug 11 2018 14:51:01 0.1102 -6.5303 -2.78152 0.691713 134.3 -249.438 0 0 0 0 0 0 0 1 0 1 0 
Sat Aug 11 2018 14:51:03 0.1101 -6.1355 -2.78016 0.670916 134.775 -249.05 0 0 0 0 0 0 0 1 0 1 0 
Sat Aug 11 2018 14:51:04 0.1101 -5.9354 -2.77952 0.660417 135.016 -248.86 0 0 0 0 0 0 0 1 0 1 0 
Sat Aug 11 2018 14:51:06 0.1101 -5.5299 -2.77831 0.639619 135.503 -248.487 0 0 0 0 0 0 0 1 0 1 0 
Sat Aug 11 2018 14:51:07 0.1101 -5.3245 -2.77774 0.629221 135.75 -248.305 0 0 0 0 0 0 0 1 0 1 0 
Sat Aug 11 2018 14:51:09 0.1101 -4.9082 -2.77667 0.608323 136.248 -247.948 0 0 0 0 0 0 0 1 0 1 0 
Sat Aug 11 2018 14:51:11 0.1101 -4.6974 -2.77617 0.597925 136.5 -247.773 0 0 0 0 0 0 0 1 0 1 0 
Sat Aug 11 2018 14:51:12 0.11 -4.2703 -2.77524 0.577027 137.01 -247.432 0 0 0 0 0 0 0 1 0 1 0 
Sat Aug 11 2018 14:51:14 0.11 -4.0541 -2.77481 0.566629 137.267 -247.266 0 0 0 0 0 0 0 1 0 1 0 
Sat Aug 11 2018 14:51:15 0.11 -3.6164 -2.77401 0.545731 137.786 -246.941 0 0 0 0 0 0 0 1 0 1 0 
Sat Aug 11 2018 14:51:17 0.11 -3.3948 -2.77365 0.535333 138.049 -246.783 0 0 0 0 0 0 0 1 0 1 0 
Sat Aug 11 2018 14:51:18 0.11 -2.9462 -2.773 0.514435 138.578 -246.475 0 0 0 0 0 0 0 1 0 1 0 
Sat Aug 11 2018 14:51:20 0.11 -2.7193 -2.77271 0.504036 138.845 -246.325 0 0 0 0 0 0 0 1 0 1 0 
Sat Aug 11 2018 14:51:21 0.1099 -2.26 -2.77219 0.483239 139.384 -246.034 0 0 0 0 0 0 0 1 0 1 0 
Sat Aug 11 2018 14:51:23 0.1099 -2.0277 -2.77196 0.47274 139.655 -245.892 0 0 0 0 0 0 0 1 0 1 0 
Sat Aug 11 2018 14:51:24 0.1099 -1.5576 -2.77158 0.451943 140.202 -245.618 0 0 0 0 0 0 0 1 0 1 0 
Sat Aug 11 2018 14:51:26 0.1099 -1.3199 -2.77142 0.441444 140.478 -245.485 0 0 0 0 0 0 0 1 0 1 0 
Sat Aug 11 2018 14:51:27 0.1099 -0.8391 -2.77116 0.420647 141.034 -245.228 0 0 0 0 0 0 0 1 0 1 0 
Sat Aug 11 2018 14:51:31 0.1099 -0.1045 -2.77094 0.389351 141.876 -244.865 0 0 0 0 0 0 0 1 0 1 0 
Sat Aug 11 2018 14:51:33 0.1098 0 -2.77091 0.358055 142.73 -244.528 0 0 0 0 0 0 0 1 0 1 0 
Sat Aug 11 2018 14:51:35 0.1098 0 -2.771 0.337257 143.305 -244.319 0 0 0 0 0 0 0 1 0 1 0 
Sat Aug 11 2018 14:51:39 0.1408 0 -2.77116 0.305961 143.929 -244.104 0 0 0 0 0 0 0 1 0 1 0 
Sat Aug 11 2018 14:51:40 0.0305 0 -2.77085 0.285064 143.428 -244.247 0 0 0 0 0 0 0 1 0 1 0 
Sat Aug 11 2018 14:51:42 -0.0229 0 -2.77077 0.274665 143.323 -244.274 0 0 0 0 0 0 0 1 0 1 0 
Sat Aug 11 2018 14:51:43 -0.0707 0 -2.77078 0.264266 143.355 -244.263 0 0 0 0 0 0 0 1 0 1 0 
Sat Aug 11 2018 14:51:45 -0.1825 0 -2.77145 0.23297 144.178 -244.055 0 0 0 0 0 0 0 1 0 1 0 
Sat Aug 11 2018 14:51:46 -0.2037 0 -2.7719 0.222472 144.65 -243.946 0 0 0 0 0 0 0 1 0 1 0 
Sat Aug 11 2018 14:51:48 -0.2154 0 -2.77244 0.212073 145.184 -243.83 0 0 0 0 0 0 0 1 0 1 0 
Sat Aug 11 2018 14:51:49 -0.2307 0 -2.77373 0.191276 146.359 -243.593 0 0 0 0 0 0 0 1 0 1 0 
Sat Aug 11 2018 14:51:51 -0.2299 0 -2.77447 0.180777 146.98 -243.478 0 0 0 0 0 0 0 1 0 1 0 
Sat Aug 11 2018 14:51:53 -0.2191 0 -2.77603 0.159979 148.214 -243.269 0 0 0 0 0 0 0 1 0 1 0 
Sat Aug 11 2018 14:51:55 -0.2137 0 -2.77768 0.139082 149.418 -243.091 0 0 0 0 0 0 0 1 0 1 0 
Sat Aug 11 2018 14:51:59 -0.1845 0 -2.78188 0.086989 152.132 -242.787 0 0 0 0 0 0 0 1 0 1 0 
Sat Aug 11 2018 14:52:01 -0.1911 0 -2.78366 0.066091 153.162 -242.711 0 0 0 0 0 0 0 1 0 1 0 
Sat Aug 11 2018 14:52:03 -0.1947 0 -2.78461 0.055693 153.689 -242.68 0 0 0 0 0 0 0 1 0 1 0 
Sat Aug 11 2018 14:52:08 -0.2268 0 -2.79013 0.003499 156.523 -242.606 0 0 0 0 0 0 0 1 0 1 0 
Sat Aug 11 2018 14:52:09 -0.2387 0 -2.7928 -0.01729 157.787 -242.619 0 0 0 0 0 0 0 1 0 1 0 
Sat Aug 11 2018 14:52:11 -0.2422 0 -2.79422 -0.02769 158.443 -242.636 0 0 0 0 0 0 0 1 0 1 0 
Sat Aug 11 2018 14:52:15 -0.2119 0 -2.80018 -0.06949 161.058 -242.772 0 0 0 0 0 0 0 1 0 1 0 
Sat Aug 11 2018 14:52:17 -0.1845 0 -2.80292 -0.09028 162.201 -242.867 0 0 0 0 0 0 0 1 0 1 0 
Sat Aug 11 2018 14:52:19 -0.1587 0 -2.80661 -0.12158 163.67 -243.027 0 0 0 0 0 0 0 1 0 1 0 
Sat Aug 11 2018 14:52:21 -0.1463 0 -2.80888 -0.14248 164.535 -243.143 0 0 0 0 0 0 0 1 0 1 0 
Sat Aug 11 2018 14:52:22 -0.1494 0 -2.80998 -0.15288 164.943 -243.205 0 0 0 0 0 0 0 1 0 1 0 
Sat Aug 11 2018 14:52:24 -0.1596 0 -2.81111 -0.16327 165.356 -243.271 0 0 0 0 0 0 0 1 0 1 0 
Sat Aug 11 2018 14:52:33 -0.2346 0 -2.82559 -0.25716 170.224 -244.344 0 0 0 0 0 0 0 1 0 1 0 
Sat Aug 11 2018 14:52:37 -0.2016 0 -2.83531 -0.30926 173.211 -245.225 0 0 0 0 0 0 0 1 0 1 0 
Sat Aug 11 2018 14:52:39 -0.1941 0 -2.83713 -0.31975 173.748 -245.402 0 0 0 0 0 0 0 1 0 1 0 
Sat Aug 11 2018 14:52:43 -0.196 0 -2.84418 -0.36145 175.768 -246.126 0 0 0 0 0 0 0 1 0 1 0 
Sat Aug 11 2018 14:52:44 -0.2044 0 -2.84601 -0.37185 176.274 -246.323 0 0 0 0 0 0 0 1 0 1 0 
Sat Aug 11 2018 14:52:46 -0.2278 0 -2.85201 -0.40314 177.896 -246.993 0 0 0 0 0 0 0 1 0 1 0 
Sat Aug 11 2018 14:52:47 -0.2339 0 -2.85418 -0.41354 178.469 -247.244 0 0 0 0 0 0 0 1 0 1 0 
Sat Aug 11 2018 14:52:52 -0.2206 0 -2.86333 -0.45524 180.815 -248.345 0 0 0 0 0 0 0 1 0 1 0 
Sat Aug 11 2018 14:52:55 -0.1866 0 -2.87153 -0.49693 182.823 -249.39 0 0 0 0 0 0 0 1 0 1 0 
Sat Aug 11 2018 14:52:57 -0.1921 0 -2.87345 -0.50743 183.278 -249.643 0 0 0 0 0 0 0 1 0 1 0 
Sat Aug 11 2018 14:53:03 -0.2308 0 -2.88671 -0.57002 186.286 -251.464 0 0 0 0 0 0 0 1 0 1 0 
Sat Aug 11 2018 14:53:06 -0.2019 0 -2.89385 -0.60122 187.822 -252.492 0 0 0 0 0 0 0 1 0 1 0 
Sat Aug 11 2018 14:53:08 -0.185 0 -2.89817 -0.62212 188.724 -253.131 0 0 0 0 0 0 0 1 0 1 0 
Sat Aug 11 2018 14:53:09 -0.1736 0 -2.90219 -0.64301 189.542 -253.737 0 0 0 0 0 0 0 1 0 1 0 
Sat Aug 11 2018 14:53:11 -0.1649 0 -2.90602 -0.66381 190.3 -254.322 0 0 0 0 0 0 0 1 0 1 0 
Sat Aug 11 2018 14:53:12 -0.1689 0 -2.90788 -0.67421 190.662 -254.61 0 0 0 0 0 0 0 1 0 1 0 
Sat Aug 11 2018 14:53:14 -0.1796 0 -2.90979 -0.68471 191.027 -254.908 0 0 0 0 0 0 0 1 0 1 0 
Sat Aug 11 2018 14:53:15 -0.2012 0 -2.91394 -0.70551 191.806 -255.564 0 0 0 0 0 0 0 1 0 1 0 
Sat Aug 11 2018 14:53:17 -0.2187 0 -2.91858 -0.7264 192.654 -256.309 0 0 0 0 0 0 0 1 0 1 0 
Sat Aug 11 2018 14:53:18 -0.2259 0 -2.92107 -0.7368 193.098 -256.713 0 0 0 0 0 0 0 1 0 1 0 
Sat Aug 11 2018 14:53:20 -0.2378 0 -2.92631 -0.7577 194.017 -257.573 0 0 0 0 0 0 0 1 0 1 0 
Sat Aug 11 2018 14:53:21 -0.2427 0 -2.92904 -0.7681 194.488 -258.027 0 0 0 0 0 0 0 1 0 1 0 
Sat Aug 11 2018 14:53:23 -0.2395 0 -2.93183 -0.7785 194.961 -258.495 0 0 0 0 0 0 0 1 0 1 0 
Sat Aug 11 2018 14:53:27 -0.1988 0 -2.94241 -0.82029 196.696 -260.296 0 0 0 0 0 0 0 1 0 1 0 
Sat Aug 11 2018 14:53:28 -0.1833 0 -2.94478 -0.83069 197.07 -260.706 0 0 0 0 0 0 0 1 0 1 0 
Sat Aug 11 2018 14:53:28 -0.1793 0 -2.94701 -0.84109 197.417 -261.093 0 0 0 0 0 0 0 1 0 1 0 
Sat Aug 11 2018 14:53:39 -0.2403 0 -2.97253 -0.94538 201.047 -265.682 0 0 0 0 0 0 0 1 0 1 0 
Sat Aug 11 2018 14:53:40 -0.2332 0 -2.97545 -0.95578 201.428 -266.222 0 0 0 0 0 0 0 1 0 1 0 
Sat Aug 11 2018 14:53:42 -0.219 0 -2.98387 -0.98707 202.49 -267.795 0 0 0 0 0 0 0 1 0 1 0 
Sat Aug 11 2018 14:53:43 -0.216 0 -2.98658 -0.99757 202.82 -268.306 0 0 0 0 0 0 0 1 0 1 0 
Sat Aug 11 2018 14:53:45 -0.2062 0 -2.98925 -1.00797 203.138 -268.812 0 0 0 0 0 0 0 1 0 1 0 
Sat Aug 11 2018 14:53:52 -0.2148 0 -3.00635 -1.08096 205.024 -272.101 0 0 0 0 0 0 0 1 0 1 0 
Sat Aug 11 2018 14:53:53 -0.2291 0 -3.01181 -1.10186 205.571 -273.17 0 0 0 0 0 0 0 1 0 1 0 
Sat Aug 11 2018 14:53:55 -0.235 0 -3.01468 -1.11226 205.849 -273.735 0 0 0 0 0 0 0 1 0 1 0 
Sat Aug 11 2018 14:53:58 -0.2211 -0.3871 -3.02662 -1.15395 206.939 -276.102 0 0 0 0 0 0 0 1 0 1 0 
Sat Aug 11 2018 14:54:00 -0.2067 -0.5455 -3.02944 -1.16435 207.182 -276.667 0 0 0 0 0 0 0 1 0 1 0 
Sat Aug 11 2018 14:54:02 -0.1802 -0.8218 -3.03461 -1.18525 207.608 -277.704 0 0 0 0 0 0 0 1 0 1 0 
Sat Aug 11 2018 14:54:03 -0.1593 -1.056 -3.03915 -1.20614 207.963 -278.621 0 0 0 0 0 0 0 1 0 1 0 
Sat Aug 11 2018 14:54:05 -0.1507 -1.162 -3.04123 -1.21654 208.118 -279.042 0 0 0 0 0 0 0 1 0 1 0 
Sat Aug 11 2018 14:54:06 -0.1365 -1.3592 -3.04507 -1.23734 208.392 -279.822 0 0 0 0 0 0 0 1 0 1 0 
Sat Aug 11 2018 14:54:08 -0.1307 -1.4525 -3.04685 -1.24784 208.514 -280.186 0 0 0 0 0 0 0 1 0 1 0 
Sat Aug 11 2018 14:54:09 -0.1211 -1.6326 -3.05021 -1.26864 208.731 -280.873 0 0 0 0 0 0 0 1 0 1 0 
Sat Aug 11 2018 14:54:11 -0.1171 -1.7205 -3.0518 -1.27913 208.828 -281.198 0 0 0 0 0 0 0 1 0 1 0 
Sat Aug 11 2018 14:54:12 -0.1106 -1.8946 -3.05483 -1.29993 209.004 -281.821 0 0 0 0 0 0 0 1 0 1 0 
Sat Aug 11 2018 14:54:14 -0.1079 -1.9814 -3.05628 -1.31043 209.084 -282.12 0 0 0 0 0 0 0 1 0 1 0 
Sat Aug 11 2018 14:54:15 -0.1035 -2.1558 -3.05909 -1.33123 209.228 -282.7 0 0 0 0 0 0 0 1 0 1 0 
Sat Aug 11 2018 14:54:17 -0.1016 -2.2438 -3.06046 -1.34163 209.294 -282.982 0 0 0 0 0 0 0 1 0 1 0 
Sat Aug 11 2018 14:54:18 -0.0986 -2.4224 -3.06312 -1.36252 209.413 -283.533 0 0 0 0 0 0 0 1 0 1 0 
Sat Aug 11 2018 14:54:20 -0.0974 -2.5132 -3.06442 -1.37292 209.467 -283.803 0 0 0 0 0 0 0 1 0 1 0 
Sat Aug 11 2018 14:54:21 -0.0954 -2.6983 -3.06698 -1.39382 209.564 -284.335 0 0 0 0 0 0 0 1 0 1 0 
Sat Aug 11 2018 14:54:23 -0.0945 -2.7927 -3.06824 -1.40422 209.608 -284.598 0 0 0 0 0 0 0 1 0 1 0 
Sat Aug 11 2018 14:54:24 -0.0931 -2.9858 -3.07074 -1.42512 209.687 -285.117 0 0 0 0 0 0 0 1 0 1 0 
Sat Aug 11 2018 14:54:31 -0.0906 -3.6013 -3.07804 -1.48771 209.854 -286.646 0 0 0 0 0 0 0 1 0 1 0 
Sat Aug 11 2018 14:54:32 -0.09 -3.8193 -3.08044 -1.50851 209.887 -287.149 0 0 0 0 0 0 0 1 0 1 0 
Sat Aug 11 2018 14:54:36 -0.0895 -4.1591 -3.08401 -1.5398 209.917 -287.9 0 0 0 0 0 0 0 1 0 1 0 
Sat Aug 11 2018 14:54:37 -0.0892 -4.3942 -3.08638 -1.5607 209.925 -288.398 0 0 0 0 0 0 0 1 0 1 0 
Sat Aug 11 2018 14:54:56 -0.0882 -6.9788 -3.10847 -1.75877 209.48 -293.06 0 0 0 0 0 0 0 1 0 1 0 
Sat Aug 11 2018 14:54:57 -0.0882 -7.1326 -3.10962 -1.76927 209.432 -293.301 0 0 0 0 0 0 0 1 0 1 0 
Sat Aug 11 2018 14:54:59 -0.0882 -7.4457 -3.11189 -1.79007 209.327 -293.781 0 0 0 0 0 0 0 1 0 1 0 
Sat Aug 11 2018 14:55:00 -0.0881 -7.6049 -3.11302 -1.80057 209.27 -294.02 0 0 0 0 0 0 0 1 0 1 0 
Sat Aug 11 2018 14:55:05 -0.0881 -8.4278 -3.11865 -1.85266 208.952 -295.205 0 0 0 0 0 0 0 1 0 1 0 
Sat Aug 11 2018 14:55:06 -0.0881 -8.5978 -3.11977 -1.86306 208.881 -295.44 0 0 0 0 0 0 0 1 0 1 0 
Sat Aug 11 2018 14:55:08 -0.088 -8.9431 -3.12199 -1.88396 208.732 -295.907 0 0 0 0 0 0 0 1 0 1 0 
Sat Aug 11 2018 14:55:09 -0.088 -9.1184 -3.12309 -1.89436 208.654 -296.14 0 0 0 0 0 0 0 1 0 1 0 
Sat Aug 11 2018 14:55:11 -0.088 -9.4745 -3.1253 -1.91526 208.49 -296.602 0 0 0 0 0 0 0 1 0 1 0 
Sat Aug 11 2018 14:55:12 -0.088 -9.6552 -3.12639 -1.92565 208.404 -296.832 0 0 0 0 0 0 0 1 0 1 0 
Sat Aug 11 2018 14:55:14 -0.088 -10.022 -3.12857 -1.94655 208.226 -297.289 0 0 0 0 0 0 0 1 0 1 0 
Sat Aug 11 2018 14:55:15 -0.0879 -10.2081 -3.12966 -1.95695 208.134 -297.516 0 0 0 0 0 0 0 1 0 1 0 
Sat Aug 11 2018 14:55:17 -0.0879 -10.5857 -3.13181 -1.97785 207.941 -297.966 0 0 0 0 0 0 0 1 0 1 0 
Sat Aug 11 2018 14:55:18 -0.0879 -10.7772 -3.13288 -1.98825 207.842 -298.19 0 0 0 0 0 0 0 1 0 1 0 
Sat Aug 11 2018 14:55:20 -0.0879 -11.1655 -3.13502 -2.00914 207.635 -298.634 0 0 0 0 0 0 0 1 0 1 0 
Sat Aug 11 2018 14:55:21 -0.0879 -11.3624 -3.13607 -2.01954 207.529 -298.855 0 0 0 0 0 0 0 1 0 1 0 
Sat Aug 11 2018 14:55:23 -0.0878 -11.7615 -3.13818 -2.04034 207.309 -299.292 0 0 0 0 0 0 0 1 0 1 0 
Sat Aug 11 2018 14:55:24 -0.0878 -11.9637 -3.13922 -2.05084 207.196 -299.509 0 0 0 0 0 0 0 1 0 1 0 
Sat Aug 11 2018 14:55:26 -0.0878 -12.3736 -3.1413 -2.07164 206.962 -299.939 0 0 0 0 0 0 0 1 0 1 0 
Sat Aug 11 2018 14:55:27 -0.0878 -12.5812 3.14085 -2.08213 206.842 -300.153 0 0 0 0 0 0 0 1 0 1 0 
Sat Aug 11 2018 14:55:29 -0.0878 -13.0018 3.13881 -2.10293 206.596 -300.575 0 0 0 0 0 0 0 1 0 1 0 
Sat Aug 11 2018 14:55:30 -0.0878 -13.2148 3.13779 -2.11343 206.469 -300.784 0 0 0 0 0 0 0 1 0 1 0 
Sat Aug 11 2018 14:55:32 -0.0878 -13.6462 3.13578 -2.13423 206.209 -301.199 0 0 0 0 0 0 0 1 0 1 0 
Sat Aug 11 2018 14:55:33 -0.0877 -13.8646 3.13478 -2.14463 206.076 -301.404 0 0 0 0 0 0 0 1 0 1 0 
Sat Aug 11 2018 14:55:35 -0.0877 -14.3067 3.1328 -2.16552 205.804 -301.81 0 0 0 0 0 0 0 1 0 1 0 
Sat Aug 11 2018 14:55:36 -0.0877 -14.5305 3.13182 -2.17592 205.664 -302.011 0 0 0 0 0 0 0 1 0 1 0 
Sat Aug 11 2018 14:55:38 -0.0877 -14.9834 3.12987 -2.19682 205.379 -302.408 0 0 0 0 0 0 0 1 0 1 0 
Sat Aug 11 2018 14:55:39 -0.0877 -15.2126 3.12891 -2.20722 205.234 -302.604 0 0 0 0 0 0 0 1 0 1 0 
Sat Aug 11 2018 14:55:41 -0.0877 -15.6762 3.127 -2.22812 204.937 -302.992 0 0 0 0 0 0 0 1 0 1 0 
Sat Aug 11 2018 14:55:42 -0.0876 -15.9108 3.12605 -2.23851 204.785 -303.183 0 0 0 0 0 0 0 1 0 1 0 
Sat Aug 11 2018 14:55:44 -0.0876 -16.3852 3.12418 -2.25941 204.476 -303.561 0 0 0 0 0 0 0 1 0 1 0 
Sat Aug 11 2018 14:55:45 -0.0876 -16.6251 3.12325 -2.26981 204.319 -303.748 0 0 0 0 0 0 0 1 0 1 0 
Sat Aug 11 2018 14:55:47 -0.0876 -17.1103 3.12142 -2.29071 203.998 -304.116 0 0 0 0 0 0 0 1 0 1 0 
Sat Aug 11 2018 14:55:48 -0.0876 -17.3556 3.12051 -2.30111 203.835 -304.298 0 0 0 0 0 0 0 1 0 1 0 
Sat Aug 11 2018 14:55:53 -0.1044 -18.3413 3.11767 -2.28021 203.319 -304.864 0 0 0 0 0 0 0 1 0 1 0 
Sat Aug 11 2018 14:55:55 -0.0283 -18.7676 3.11917 -2.25941 203.574 -304.565 0 0 0 0 0 0 0 1 0 1 0 
Sat Aug 11 2018 14:55:56 0.0411 -19.2123 3.11952 -2.23851 203.632 -304.495 0 0 0 0 0 0 0 1 0 1 0 
Sat Aug 11 2018 14:55:58 0.0954 -19.6311 3.11845 -2.21772 203.465 -304.709 0 0 0 0 0 0 0 1 0 1 0 
Sat Aug 11 2018 14:55:59 0.1177 -19.8212 3.11746 -2.20722 203.315 -304.908 0 0 0 0 0 0 0 1 0 1 0 
Sat Aug 11 2018 14:56:01 0.1545 -20.1556 3.1147 -2.18642 202.911 -305.459 0 0 0 0 0 0 0 1 0 1 0 
Sat Aug 11 2018 14:56:02 0.1771 -20.2978 3.11297 -2.17592 202.667 -305.802 0 0 0 0 0 0 0 1 0 1 0 
Sat Aug 11 2018 14:56:04 0.2038 -20.4161 3.11098 -2.16552 202.392 -306.198 0 0 0 0 0 0 0 1 0 1 0 
Sat Aug 11 2018 14:56:05 0.2519 -20.5636 3.10606 -2.14463 201.74 -307.17 0 0 0 0 0 0 0 1 0 1 0 
Sat Aug 11 2018 14:56:07 0.2897 -20.5891 3.09999 -2.12383 200.975 -308.365 0 0 0 0 0 0 0 1 0 1 0 
Sat Aug 11 2018 14:56:08 0.3009 -20.5609 3.09659 -2.11343 200.561 -309.033 0 0 0 0 0 0 0 1 0 1 0 
Sat Aug 11 2018 14:56:10 0.3065 -20.5153 3.09301 -2.10293 200.138 -309.732 0 0 0 0 0 0 0 1 0 1 0 
Sat Aug 11 2018 14:56:16 -0.039 -21.2606 3.07928 -2.02994 198.629 -312.394 0 0 0 0 0 0 0 1 0 1 0 
Sat Aug 11 2018 14:56:17 -0.0743 -21.4397 3.07968 -2.01954 198.668 -312.316 0 0 0 0 0 0 0 1 0 1 0 
Sat Aug 11 2018 14:56:19 -0.0648 -21.6093 3.08049 -2.00914 198.743 -312.16 0 0 0 0 0 0 0 1 0 1 0 
Sat Aug 11 2018 14:56:20 -0.0199 -21.7827 3.08125 -1.99864 198.814 -312.011 0 0 0 0 0 0 0 1 0 1 0 
Sat Aug 11 2018 14:56:22 0.0549 -22.137 3.08141 -1.97785 198.829 -311.98 0 0 0 0 0 0 0 1 0 1 0 
Sat Aug 11 2018 14:56:23 0.1065 -22.4567 3.07978 -1.95695 198.695 -312.297 0 0 0 0 0 0 0 1 0 1 0 
Sat Aug 11 2018 14:56:25 0.1349 -22.5945 3.07843 -1.94655 198.588 -312.559 0 0 0 0 0 0 0 1 0 1 0 
Sat Aug 11 2018 14:56:26 0.1667 -22.71 3.0767 -1.93605 198.455 -312.896 0 0 0 0 0 0 0 1 0 1 0 
Sat Aug 11 2018 14:56:28 0.2468 -22.8782 3.0691 -1.90486 197.908 -314.372 0 0 0 0 0 0 0 1 0 1 0 
Sat Aug 11 2018 14:56:29 0.2675 -22.8712 3.06585 -1.89436 197.688 -315.002 0 0 0 0 0 0 0 1 0 1 0 
Sat Aug 11 2018 14:56:31 0.3018 -22.7689 3.05849 -1.87356 197.217 -316.427 0 0 0 0 0 0 0 1 0 1 0 
Sat Aug 11 2018 14:56:32 0.3158 -22.6773 3.05445 -1.86306 196.972 -317.208 0 0 0 0 0 0 0 1 0 1 0 
Sat Aug 11 2018 14:56:37 0.1231 -22.4247 3.03541 -1.81097 195.936 -320.883 0 0 0 0 0 0 0 1 0 1 0 
Sat Aug 11 2018 14:56:39 0.0687 -22.5348 3.03351 -1.80057 195.846 -321.25 0 0 0 0 0 0 0 1 0 1 0 
