10.002656
5.538685
5.530971
5.531805
5.533886
5.528994
5.536452
5.539669
5.532485
5.537973
5.536006
5.535909
5.535986
5.535254
5.534489
5.541294
5.538801
5.536219
5.536255
5.534802
5.536125
5.535051
5.535937
5.534841
5.535352
5.535951
5.538292
5.540155
5.534492
5.535729
5.538356
5.539729
5.523237
5.536571
5.536008
5.535392
5.531447
5.534470
5.536007
5.533694
5.535022
5.536265
5.535325
5.535522
5.535895
5.535535
5.535097
5.535265
5.534092
5.535643
5.536248
5.534503
5.536422
5.536238
5.535283
5.535649
5.536663
5.534572
5.535465
5.529803
5.535492
5.535072
5.535705
5.534958
5.533974
5.532074
5.536352
5.536395
5.534583
5.535575
5.534518
5.537277
5.528635
5.539933
5.531844
5.534165
5.536279
5.534428
5.536023
5.533889
5.534789
5.534923
5.533428
5.531676
5.536676
5.533632
5.536220
5.535312
5.535898
5.535495
5.534604
5.535996
5.536171
5.535712
5.528729
5.535378
5.535939
5.534742
5.528391
5.537123
