0.342154
0.349269
0.342583
0.347899
0.345490
0.341560
0.346727
0.341192
0.346154
0.348597
0.349940
0.347793
0.345585
0.345252
0.347688
0.348407
0.347613
0.343827
0.346664
0.341094
0.345551
0.347489
0.345017
0.348055
0.345130
0.346791
0.338720
0.345858
0.348386
0.345791
0.348158
0.349370
0.347461
0.349413
0.346694
0.344989
0.347501
0.348228
0.346175
0.348226
0.347333
0.348379
0.345898
0.348656
0.345523
0.348752
0.349378
0.347017
0.349954
0.347266
0.354081
0.351764
0.353670
0.351012
0.352752
0.348887
0.350608
0.353819
0.352116
0.349382
0.351892
0.353652
0.350054
0.353417
0.350857
0.352447
0.351017
0.352130
0.354685
0.350816
0.351103
0.352254
0.354202
0.352154
0.352514
0.355601
0.351061
0.350640
0.352712
0.354407
0.350935
0.352576
0.352419
0.350102
0.351914
0.347873
0.346292
0.352773
0.353076
0.355349
0.348707
0.353564
0.353644
0.347230
0.344884
0.347796
0.349099
0.346290
0.347995
0.346952
