2023-10-12 17:24:01	Temp Conductivity Depth Vx(cal) Vy(cal) Vz(cal) Lat Long Roll Pitch Heading Pose Volt Leak Speed HullTemperature Humidity
2023-10-12 17:24:01	0.000000 0.000000 0.000000 0.000000 0.000000 0.000000 0.000000 0.000000 2 0.000000 0.000000 0.000000 0.000000 0.000000
2023-10-12 17:24:03	0.000000 0.000000 0.000000 0.000000 0.000000 0.000000 0.000000 0.000000 2 0.000000 0.000000 0.000000 28.299999 47.599998
2023-10-12 17:24:04	0.000000 0.000000 0.000000 0.000000 0.000000 0.000000 0.000000 0.000000 2 0.000000 0.000000 0.000000 28.299999 47.599998
2023-10-12 17:24:05	0.000000 0.000000 0.000000 0.000000 0.000000 0.000000 0.000000 0.000000 2 0.000000 0.000000 0.000000 28.299999 47.200001
2023-10-12 17:24:06	0.000000 0.000000 0.000000 0.000000 0.000000 0.000000 0.000000 0.000000 2 0.000000 0.000000 0.000000 28.299999 47.200001
2023-10-12 17:24:06	0.000000 0.000000 0.000000 0.000000 0.000000 0.000000 0.000000 0.000000 2 0.000000 0.000000 0.000000 28.299999 47.200001
2023-10-12 17:24:07	0.000000 0.000000 0.000000 0.000000 0.000000 0.000000 0.000000 0.000000 2 0.000000 0.000000 0.000000 28.299999 47.099998
2023-10-12 17:24:08	0.000000 0.000000 0.000000 0.000000 0.000000 0.000000 0.000000 0.000000 2 0.000000 0.000000 0.000000 28.299999 47.099998
2023-10-12 17:24:09	0.000000 0.000000 0.000000 0.000000 0.000000 0.000000 0.000000 0.000000 2 0.000000 0.000000 0.000000 28.299999 47.099998
2023-10-12 17:24:10	0.000000 0.000000 0.000000 0.000000 0.000000 0.000000 0.000000 0.000000 2 0.000000 0.000000 0.000000 28.299999 47.299999
2023-10-12 17:24:11	0.000000 0.000000 0.000000 0.000000 0.000000 0.000000 0.000000 0.000000 2 0.000000 0.000000 0.000000 28.299999 47.299999
2023-10-12 17:24:12	0.000000 0.000000 0.000000 0.000000 0.000000 0.000000 0.000000 0.000000 2 0.000000 0.000000 0.000000 28.299999 47.299999
2023-10-12 17:24:13	0.000000 0.000000 0.000000 0.000000 0.000000 0.000000 0.000000 0.000000 2 0.000000 0.000000 0.000000 28.299999 47.299999
2023-10-12 17:24:14	0.000000 0.000000 0.000000 0.000000 0.000000 0.000000 0.000000 0.000000 2 0.000000 0.000000 0.000000 28.299999 47.299999
2023-10-12 17:24:15	0.000000 0.000000 0.000000 0.000000 0.000000 0.000000 0.000000 0.000000 2 0.000000 0.000000 0.000000 28.299999 47.299999
2023-10-12 17:24:16	0.000000 0.000000 0.000000 0.000000 0.000000 0.000000 0.000000 0.000000 2 0.000000 0.000000 0.000000 28.299999 47.299999
2023-10-12 17:24:17	0.000000 0.000000 0.000000 0.000000 0.000000 0.000000 0.000000 0.000000 2 0.000000 0.000000 0.000000 28.299999 47.299999
2023-10-12 17:24:18	0.000000 0.000000 0.000000 0.000000 0.000000 0.000000 0.000000 0.000000 2 0.000000 0.000000 0.000000 28.299999 47.299999
2023-10-12 17:24:19	0.000000 0.000000 0.000000 0.000000 0.000000 0.000000 0.000000 0.000000 2 0.000000 0.000000 0.000000 28.299999 47.400002
2023-10-12 17:24:20	0.000000 0.000000 0.000000 0.000000 0.000000 0.000000 0.000000 0.000000 2 0.000000 0.000000 0.000000 28.299999 47.400002
2023-10-12 17:24:22	0.000000 0.000000 0.000000 0.000000 0.000000 0.000000 0.000000 0.000000 2 0.000000 0.000000 0.000000 28.299999 47.400002
2023-10-12 17:24:25	0.000000 0.000000 0.000000 0.000000 0.000000 0.000000 0.000000 0.000000 2 0.000000 0.000000 0.000000 28.299999 47.500000
2023-10-12 17:24:26	0.000000 0.000000 0.000000 0.000000 0.000000 0.000000 0.000000 0.000000 2 0.000000 0.000000 0.000000 28.299999 47.500000
2023-10-12 17:24:28	0.000000 0.000000 0.000000 0.000000 0.000000 0.000000 0.000000 0.000000 2 0.000000 0.000000 0.000000 28.299999 47.500000
2023-10-12 17:24:31	0.000000 0.000000 0.000000 0.000000 0.000000 0.000000 0.000000 0.000000 2 0.000000 0.000000 0.000000 28.299999 47.599998
2023-10-12 17:24:33	0.000000 0.000000 0.000000 0.000000 0.000000 0.000000 0.000000 0.000000 2 0.000000 0.000000 0.000000 28.299999 47.500000
2023-10-12 17:24:34	0.000000 0.000000 0.000000 0.000000 0.000000 0.000000 0.000000 0.000000 2 0.000000 0.000000 0.000000 28.299999 47.500000
2023-10-12 17:24:35	0.000000 0.000000 0.000000 0.000000 0.000000 0.000000 0.000000 0.000000 2 0.000000 0.000000 0.000000 28.299999 47.200001
2023-10-12 17:24:36	0.000000 0.000000 0.000000 0.000000 0.000000 0.000000 0.000000 0.000000 2 0.000000 0.000000 0.000000 28.299999 47.200001
2023-10-12 17:24:37	0.000000 0.000000 0.000000 0.000000 0.000000 0.000000 0.000000 0.000000 2 0.000000 0.000000 0.000000 28.299999 47.200001
2023-10-12 17:24:38	0.000000 0.000000 0.000000 0.000000 0.000000 0.000000 0.000000 0.000000 2 0.000000 0.000000 0.000000 28.299999 47.099998
2023-10-12 17:24:39	0.000000 0.000000 0.000000 0.000000 0.000000 0.000000 0.000000 0.000000 2 0.000000 0.000000 0.000000 28.299999 47.099998
2023-10-12 17:24:40	0.000000 0.000000 0.000000 0.000000 0.000000 0.000000 0.000000 0.000000 2 0.000000 0.000000 0.000000 28.299999 47.099998
2023-10-12 17:24:41	0.000000 0.000000 0.000000 0.000000 0.000000 0.000000 0.000000 0.000000 2 0.000000 0.000000 0.000000 28.299999 47.000000
2023-10-12 17:24:42	0.000000 0.000000 0.000000 0.000000 0.000000 0.000000 0.000000 0.000000 2 0.000000 0.000000 0.000000 28.299999 47.000000
2023-10-12 17:24:46	0.000000 0.000000 0.000000 0.000000 0.000000 0.000000 0.000000 0.000000 2 0.000000 0.000000 0.000000 28.299999 47.000000
2023-10-12 17:24:51	0.000000 0.000000 0.000000 0.000000 0.000000 0.000000 0.000000 0.000000 2 0.000000 0.000000 0.000000 28.299999 47.200001
2023-10-12 17:24:52	0.000000 0.000000 0.000000 0.000000 0.000000 0.000000 0.000000 0.000000 2 0.000000 0.000000 0.000000 28.299999 47.200001
2023-10-12 17:24:54	0.000000 0.000000 0.000000 0.000000 0.000000 0.000000 0.000000 0.000000 2 0.000000 0.000000 0.000000 28.299999 47.500000
2023-10-12 17:24:54	0.000000 0.000000 0.000000 0.000000 0.000000 0.000000 0.000000 0.000000 2 0.000000 0.000000 0.000000 28.299999 47.500000
2023-10-12 17:24:55	0.000000 0.000000 0.000000 0.000000 0.000000 0.000000 0.000000 0.000000 2 0.000000 0.000000 0.000000 28.299999 50.000000
2023-10-12 17:24:56	0.000000 0.000000 0.000000 0.000000 0.000000 0.000000 0.000000 0.000000 2 0.000000 0.000000 0.000000 28.299999 50.000000
2023-10-12 17:24:57	0.000000 0.000000 0.000000 0.000000 0.000000 0.000000 0.000000 0.000000 2 0.000000 0.000000 0.000000 28.299999 50.000000
2023-10-12 17:24:58	0.000000 0.000000 0.000000 0.000000 0.000000 0.000000 0.000000 0.000000 2 0.000000 0.000000 0.000000 28.700001 67.199997
2023-10-12 17:24:59	0.000000 0.000000 0.000000 0.000000 0.000000 0.000000 0.000000 0.000000 2 0.000000 0.000000 0.000000 28.700001 67.199997
2023-10-12 17:25:00	0.000000 0.000000 0.000000 0.000000 0.000000 0.000000 0.000000 0.000000 2 0.000000 0.000000 0.000000 28.700001 67.199997
2023-10-12 17:25:01	0.000000 0.000000 0.000000 0.000000 0.000000 0.000000 0.000000 0.000000 2 0.000000 0.000000 0.000000 28.900000 74.900002
2023-10-12 17:25:02	0.000000 0.000000 0.000000 0.000000 0.000000 0.000000 0.000000 0.000000 2 0.000000 0.000000 0.000000 28.900000 74.900002
2023-10-12 17:25:03	0.000000 0.000000 0.000000 0.000000 0.000000 0.000000 0.000000 0.000000 2 0.000000 0.000000 0.000000 28.900000 74.900002
2023-10-12 17:25:04	0.000000 0.000000 0.000000 0.000000 0.000000 0.000000 0.000000 0.000000 2 0.000000 0.000000 0.000000 28.900000 74.599998
2023-10-12 17:25:05	0.000000 0.000000 0.000000 0.000000 0.000000 0.000000 0.000000 0.000000 2 0.000000 0.000000 0.000000 28.900000 74.599998
2023-10-12 17:25:06	0.000000 0.000000 0.000000 0.000000 0.000000 0.000000 0.000000 0.000000 2 0.000000 0.000000 0.000000 28.900000 74.599998
2023-10-12 17:25:07	0.000000 0.000000 0.000000 0.000000 0.000000 0.000000 0.000000 0.000000 2 0.000000 0.000000 0.000000 28.900000 73.800003
2023-10-12 17:25:08	0.000000 0.000000 0.000000 0.000000 0.000000 0.000000 0.000000 0.000000 2 0.000000 0.000000 0.000000 28.900000 73.800003
2023-10-12 17:25:09	0.000000 0.000000 0.000000 0.000000 0.000000 0.000000 0.000000 0.000000 2 0.000000 0.000000 0.000000 28.900000 73.800003
2023-10-12 17:25:10	0.000000 0.000000 0.000000 0.000000 0.000000 0.000000 0.000000 0.000000 2 0.000000 0.000000 0.000000 28.900000 69.699997
2023-10-12 17:25:11	0.000000 0.000000 0.000000 0.000000 0.000000 0.000000 0.000000 0.000000 2 0.000000 0.000000 0.000000 28.900000 69.699997
2023-10-12 17:25:13	0.000000 0.000000 0.000000 0.000000 0.000000 0.000000 0.000000 0.000000 2 0.000000 0.000000 0.000000 28.900000 69.699997
2023-10-12 17:25:14	0.000000 0.000000 0.000000 0.000000 0.000000 0.000000 0.000000 0.000000 2 0.000000 0.000000 0.000000 28.900000 62.200001
2023-10-12 17:25:15	0.000000 0.000000 0.000000 0.000000 0.000000 0.000000 0.000000 0.000000 2 0.000000 0.000000 0.000000 28.900000 62.200001
2023-10-12 17:25:16	0.000000 0.000000 0.000000 0.000000 0.000000 0.000000 0.000000 0.000000 2 0.000000 0.000000 0.000000 28.900000 62.200001
2023-10-12 17:25:17	0.000000 0.000000 0.000000 0.000000 0.000000 0.000000 0.000000 0.000000 2 0.000000 0.000000 0.000000 29.000000 56.700001
2023-10-12 17:25:18	0.000000 0.000000 0.000000 0.000000 0.000000 0.000000 0.000000 0.000000 2 0.000000 0.000000 0.000000 29.000000 56.700001
2023-10-12 17:25:19	0.000000 0.000000 0.000000 0.000000 0.000000 0.000000 0.000000 0.000000 2 0.000000 0.000000 0.000000 29.000000 56.700001
2023-10-12 17:25:20	0.000000 0.000000 0.000000 0.000000 0.000000 0.000000 0.000000 0.000000 2 0.000000 0.000000 0.000000 29.100000 57.099998
2023-10-12 17:25:21	0.000000 0.000000 0.000000 0.000000 0.000000 0.000000 0.000000 0.000000 2 0.000000 0.000000 0.000000 29.100000 57.099998
2023-10-12 17:25:22	0.000000 0.000000 0.000000 0.000000 0.000000 0.000000 0.000000 0.000000 2 0.000000 0.000000 0.000000 29.100000 57.099998
2023-10-12 17:25:23	0.000000 0.000000 0.000000 0.000000 0.000000 0.000000 0.000000 0.000000 2 0.000000 0.000000 0.000000 29.100000 62.400002
2023-10-12 17:25:24	0.000000 0.000000 0.000000 0.000000 0.000000 0.000000 0.000000 0.000000 2 0.000000 0.000000 0.000000 29.100000 62.400002
2023-10-12 17:25:25	0.000000 0.000000 0.000000 0.000000 0.000000 0.000000 0.000000 0.000000 2 0.000000 0.000000 0.000000 29.100000 62.400002
2023-10-12 17:25:26	0.000000 0.000000 0.000000 0.000000 0.000000 0.000000 0.000000 0.000000 2 0.000000 0.000000 0.000000 29.299999 67.900002
2023-10-12 17:25:27	0.000000 0.000000 0.000000 0.000000 0.000000 0.000000 0.000000 0.000000 2 0.000000 0.000000 0.000000 29.299999 67.900002
2023-10-12 17:25:28	0.000000 0.000000 0.000000 0.000000 0.000000 0.000000 0.000000 0.000000 2 0.000000 0.000000 0.000000 29.299999 67.900002
2023-10-12 17:25:29	0.000000 0.000000 0.000000 0.000000 0.000000 0.000000 0.000000 0.000000 2 0.000000 0.000000 0.000000 29.400000 72.099998
2023-10-12 17:25:30	0.000000 0.000000 0.000000 0.000000 0.000000 0.000000 0.000000 0.000000 2 0.000000 0.000000 0.000000 29.400000 72.099998
2023-10-12 17:25:31	0.000000 0.000000 0.000000 0.000000 0.000000 0.000000 0.000000 0.000000 2 0.000000 0.000000 0.000000 29.400000 72.099998
2023-10-12 17:25:32	0.000000 0.000000 0.000000 0.000000 0.000000 0.000000 0.000000 0.000000 2 0.000000 0.000000 0.000000 29.500000 75.099998
2023-10-12 17:25:33	0.000000 0.000000 0.000000 0.000000 0.000000 0.000000 0.000000 0.000000 2 0.000000 0.000000 0.000000 29.500000 75.099998
2023-10-12 17:25:35	0.000000 0.000000 0.000000 0.000000 0.000000 0.000000 0.000000 0.000000 2 0.000000 0.000000 0.000000 29.500000 75.099998
2023-10-12 17:25:36	0.000000 0.000000 0.000000 0.000000 0.000000 0.000000 0.000000 0.000000 2 0.000000 0.000000 0.000000 29.700001 75.800003
2023-10-12 17:25:37	0.000000 0.000000 0.000000 0.000000 0.000000 0.000000 0.000000 0.000000 2 0.000000 0.000000 0.000000 29.700001 75.800003
2023-10-12 17:25:43	0.000000 0.000000 0.000000 0.000000 0.000000 0.000000 0.000000 0.000000 2 0.000000 0.000000 0.000000 30.000000 67.300003
2023-10-12 17:25:44	0.000000 0.000000 0.000000 0.000000 0.000000 0.000000 0.000000 0.000000 2 0.000000 0.000000 0.000000 30.299999 55.799999
2023-10-12 17:25:46	0.000000 0.000000 0.000000 0.000000 0.000000 0.000000 0.000000 0.000000 2 0.000000 0.000000 0.000000 30.299999 55.799999
2023-10-12 17:25:51	0.000000 0.000000 0.000000 0.000000 0.000000 0.000000 0.000000 0.000000 2 0.000000 0.000000 0.000000 30.500000 52.500000
2023-10-12 17:25:52	0.000000 0.000000 0.000000 0.000000 0.000000 0.000000 0.000000 0.000000 2 0.000000 0.000000 0.000000 30.600000 50.099998
2023-10-12 17:25:53	0.000000 0.000000 0.000000 0.000000 0.000000 0.000000 0.000000 0.000000 2 0.000000 0.000000 0.000000 30.700001 48.500000
2023-10-12 17:25:54	0.000000 0.000000 0.000000 0.000000 0.000000 0.000000 0.000000 0.000000 2 0.000000 0.000000 0.000000 30.700001 48.500000
2023-10-12 17:25:56	0.000000 0.000000 0.000000 0.000000 0.000000 0.000000 0.000000 0.000000 2 0.000000 0.000000 0.000000 30.700001 48.500000
2023-10-12 17:25:58	0.000000 0.000000 0.000000 0.000000 0.000000 0.000000 0.000000 0.000000 2 0.000000 0.000000 0.000000 30.799999 47.500000
2023-10-12 17:25:58	0.000000 0.000000 0.000000 0.000000 0.000000 0.000000 0.000000 0.000000 2 0.000000 0.000000 0.000000 30.900000 46.700001
2023-10-12 17:25:59	0.000000 0.000000 0.000000 0.000000 0.000000 0.000000 0.000000 0.000000 2 0.000000 0.000000 0.000000 30.900000 46.700001
2023-10-12 17:26:00	0.000000 0.000000 0.000000 0.000000 0.000000 0.000000 0.000000 0.000000 2 0.000000 0.000000 0.000000 30.900000 46.700001
2023-10-12 17:26:01	0.000000 0.000000 0.000000 0.000000 0.000000 0.000000 0.000000 0.000000 2 0.000000 0.000000 0.000000 31.000000 46.200001
2023-10-12 17:26:02	0.000000 0.000000 0.000000 0.000000 0.000000 0.000000 0.000000 0.000000 2 0.000000 0.000000 0.000000 31.000000 46.200001
2023-10-12 17:26:05	0.000000 0.000000 0.000000 0.000000 0.000000 0.000000 0.000000 0.000000 2 0.000000 0.000000 0.000000 31.000000 46.200001
2023-10-12 17:26:06	0.000000 0.000000 0.000000 0.000000 0.000000 0.000000 0.000000 0.000000 2 0.000000 0.000000 0.000000 31.000000 45.700001
2023-10-12 17:26:07	0.000000 0.000000 0.000000 0.000000 0.000000 0.000000 0.000000 0.000000 2 0.000000 0.000000 0.000000 31.000000 45.700001
2023-10-12 17:26:09	0.000000 0.000000 0.000000 0.000000 0.000000 0.000000 0.000000 0.000000 2 0.000000 0.000000 0.000000 31.100000 45.299999
2023-10-12 17:26:10	0.000000 0.000000 0.000000 0.000000 0.000000 0.000000 0.000000 0.000000 2 0.000000 0.000000 0.000000 31.100000 45.299999
2023-10-12 17:26:11	0.000000 0.000000 0.000000 0.000000 0.000000 0.000000 0.000000 0.000000 2 0.000000 0.000000 0.000000 31.100000 45.000000
2023-10-12 17:26:12	0.000000 0.000000 0.000000 0.000000 0.000000 0.000000 0.000000 0.000000 2 0.000000 0.000000 0.000000 31.100000 45.000000
2023-10-12 17:26:13	0.000000 0.000000 0.000000 0.000000 0.000000 0.000000 0.000000 0.000000 2 0.000000 0.000000 0.000000 31.100000 45.000000
2023-10-12 17:26:14	0.000000 0.000000 0.000000 0.000000 0.000000 0.000000 0.000000 0.000000 2 0.000000 0.000000 0.000000 31.100000 44.900002
2023-10-12 17:26:15	0.000000 0.000000 0.000000 0.000000 0.000000 0.000000 0.000000 0.000000 2 0.000000 0.000000 0.000000 31.100000 44.900002
2023-10-12 17:26:16	0.000000 0.000000 0.000000 0.000000 0.000000 0.000000 0.000000 0.000000 2 0.000000 0.000000 0.000000 31.100000 44.900002
2023-10-12 17:26:17	0.000000 0.000000 0.000000 0.000000 0.000000 0.000000 0.000000 0.000000 2 0.000000 0.000000 0.000000 31.100000 44.700001
2023-10-12 17:26:18	0.000000 0.000000 0.000000 0.000000 0.000000 0.000000 0.000000 0.000000 2 0.000000 0.000000 0.000000 31.100000 44.700001
