16.418198
0.565789
0.580841
0.561511
0.571892
0.575532
0.568964
0.559331
0.557956
0.558226
0.563377
0.566419
0.560786
0.557803
0.568725
0.577255
0.563003
0.567107
0.579433
0.557621
0.569465
0.577787
0.566799
0.571504
0.579604
0.566389
0.559911
0.577343
0.569995
0.566314
0.567566
0.568533
0.555000
0.559057
0.529048
0.557921
0.567462
0.569006
0.579013
0.561779
0.570612
0.580550
0.555680
0.575745
0.574773
0.571412
0.579469
0.562884
0.563722
0.565801
0.564822
0.557528
0.559382
0.566131
0.536668
0.571663
0.566666
0.571811
0.567785
0.577245
0.568464
0.573948
0.577212
0.565223
0.556822
0.557288
0.563088
0.552269
0.575383
0.575583
0.564837
0.561935
0.575322
0.560502
0.562792
0.568063
0.529728
0.558815
0.568118
0.564693
0.568747
0.564059
0.562846
0.561916
0.549703
0.569621
0.564055
0.572798
0.560542
0.565191
0.573159
0.560132
0.566690
0.573276
0.565462
0.560250
0.568842
0.565125
0.559245
0.564902
3.646609
